625
-384.000000 18.278494 -288.000000
-352.000000 14.413559 -288.000000
-320.000000 16.678331 -288.000000
-288.000000 5.266901 -288.000000
-256.000000 2.018559 -288.000000
-224.000000 -8.790770 -288.000000
-192.000000 -12.279717 -288.000000
-160.000000 -12.593216 -288.000000
-128.000000 -11.634188 -288.000000
-96.000000 -10.984629 -288.000000
-64.000000 -23.182442 -288.000000
-32.000000 -30.352142 -288.000000
0.000000 -30.419779 -288.000000
32.000000 -30.493233 -288.000000
64.000000 -23.141596 -288.000000
96.000000 -19.059488 -288.000000
128.000000 -19.631067 -288.000000
160.000000 -20.867897 -288.000000
192.000000 -13.038536 -288.000000
224.000000 -3.475350 -288.000000
256.000000 -10.427941 -288.000000
288.000000 -8.171425 -288.000000
320.000000 -1.705639 -288.000000
352.000000 -4.522135 -288.000000
384.000000 1.106568 -288.000000
-384.000000 15.563352 -264.000000
-352.000000 14.220868 -264.000000
-320.000000 15.332664 -264.000000
-288.000000 8.791145 -264.000000
-256.000000 2.322074 -264.000000
-224.000000 -10.268448 -264.000000
-192.000000 -12.875581 -264.000000
-160.000000 -12.781746 -264.000000
-128.000000 -12.849030 -264.000000
-96.000000 -11.733039 -264.000000
-64.000000 -26.392464 -264.000000
-32.000000 -30.438721 -264.000000
0.000000 -30.491505 -264.000000
32.000000 -29.539347 -264.000000
64.000000 -18.137011 -264.000000
96.000000 -21.165384 -264.000000
128.000000 -17.304043 -264.000000
160.000000 -18.121260 -264.000000
192.000000 -6.824287 -264.000000
224.000000 -6.593246 -264.000000
256.000000 -9.755844 -264.000000
288.000000 -9.377662 -264.000000
320.000000 -1.324563 -264.000000
352.000000 -4.245823 -264.000000
384.000000 2.952783 -264.000000
-384.000000 15.095412 -240.000000
-352.000000 11.446731 -240.000000
-320.000000 7.972612 -240.000000
-288.000000 2.609424 -240.000000
-256.000000 -7.715858 -240.000000
-224.000000 -8.046326 -240.000000
-192.000000 -10.352100 -240.000000
-160.000000 -12.538665 -240.000000
-128.000000 -15.132729 -240.000000
-96.000000 -14.335217 -240.000000
-64.000000 -30.155989 -240.000000
-32.000000 -30.392412 -240.000000
0.000000 -30.500008 -240.000000
32.000000 -16.487295 -240.000000
64.000000 -15.368659 -240.000000
96.000000 -20.145863 -240.000000
128.000000 -16.738907 -240.000000
160.000000 -14.380203 -240.000000
192.000000 -4.879200 -240.000000
224.000000 -8.456736 -240.000000
256.000000 -10.062473 -240.000000
288.000000 -6.756075 -240.000000
320.000000 -5.769228 -240.000000
352.000000 -2.425382 -240.000000
384.000000 4.807089 -240.000000
-384.000000 13.836088 -216.000000
-352.000000 3.501199 -216.000000
-320.000000 -0.088086 -216.000000
-288.000000 -6.507274 -216.000000
-256.000000 -8.991317 -216.000000
-224.000000 -3.612595 -216.000000
-192.000000 -6.340374 -216.000000
-160.000000 -12.335863 -216.000000
-128.000000 -15.119685 -216.000000
-96.000000 -17.092548 -216.000000
-64.000000 -30.315271 -216.000000
-32.000000 -30.411367 -216.000000
0.000000 -26.058140 -216.000000
32.000000 -15.209943 -216.000000
64.000000 -18.136150 -216.000000
96.000000 -15.327999 -216.000000
128.000000 -20.708454 -216.000000
160.000000 -8.540136 -216.000000
192.000000 -9.062253 -216.000000
224.000000 -7.679163 -216.000000
256.000000 -8.956404 -216.000000
288.000000 -5.393054 -216.000000
320.000000 -7.121326 -216.000000
352.000000 -8.446884 -216.000000
384.000000 -9.531986 -216.000000
-384.000000 13.474178 -192.000000
-352.000000 1.339707 -192.000000
-320.000000 -5.589946 -192.000000
-288.000000 -9.028813 -192.000000
-256.000000 -8.958228 -192.000000
-224.000000 -3.598611 -192.000000
-192.000000 -7.506048 -192.000000
-160.000000 -13.384674 -192.000000
-128.000000 -16.360718 -192.000000
-96.000000 -16.559752 -192.000000
-64.000000 -30.367804 -192.000000
-32.000000 -30.396196 -192.000000
0.000000 -18.546717 -192.000000
32.000000 -18.513353 -192.000000
64.000000 -18.013882 -192.000000
96.000000 -16.981886 -192.000000
128.000000 -11.676190 -192.000000
160.000000 -4.215396 -192.000000
192.000000 -8.508010 -192.000000
224.000000 -10.239102 -192.000000
256.000000 -11.202409 -192.000000
288.000000 -4.953070 -192.000000
320.000000 -8.274235 -192.000000
352.000000 -9.121556 -192.000000
384.000000 -8.574221 -192.000000
-384.000000 4.439732 -168.000000
-352.000000 -3.814875 -168.000000
-320.000000 -9.270821 -168.000000
-288.000000 -11.152972 -168.000000
-256.000000 -9.730847 -168.000000
-224.000000 -8.994570 -168.000000
-192.000000 -8.386354 -168.000000
-160.000000 -13.717972 -168.000000
-128.000000 -13.244616 -168.000000
-96.000000 -12.312049 -168.000000
-64.000000 -29.777826 -168.000000
-32.000000 -30.365698 -168.000000
0.000000 -21.429789 -168.000000
32.000000 -17.323046 -168.000000
64.000000 -18.431952 -168.000000
96.000000 -17.071140 -168.000000
128.000000 -9.149907 -168.000000
160.000000 -7.721243 -168.000000
192.000000 -10.155628 -168.000000
224.000000 -11.203689 -168.000000
256.000000 -6.914098 -168.000000
288.000000 -5.345667 -168.000000
320.000000 -7.378419 -168.000000
352.000000 -8.866344 -168.000000
384.000000 -8.812171 -168.000000
-384.000000 -0.471878 -144.000000
-352.000000 -7.372510 -144.000000
-320.000000 -11.704017 -144.000000
-288.000000 -7.329337 -144.000000
-256.000000 -12.763120 -144.000000
-224.000000 -12.105767 -144.000000
-192.000000 -14.030016 -144.000000
-160.000000 -16.250429 -144.000000
-128.000000 -14.059157 -144.000000
-96.000000 -13.317306 -144.000000
-64.000000 -30.407084 -144.000000
-32.000000 -30.258362 -144.000000
0.000000 -18.331730 -144.000000
32.000000 -22.079342 -144.000000
64.000000 -13.553258 -144.000000
96.000000 -18.723534 -144.000000
128.000000 -8.454243 -144.000000
160.000000 -10.240219 -144.000000
192.000000 -6.165233 -144.000000
224.000000 -8.334796 -144.000000
256.000000 -5.736904 -144.000000
288.000000 -8.061853 -144.000000
320.000000 -7.388652 -144.000000
352.000000 -9.126105 -144.000000
384.000000 -9.088264 -144.000000
-384.000000 9.254509 -120.000000
-352.000000 -4.244421 -120.000000
-320.000000 -16.018738 -120.000000
-288.000000 -17.394833 -120.000000
-256.000000 -11.354842 -120.000000
-224.000000 -16.310705 -120.000000
-192.000000 -15.695477 -120.000000
-160.000000 -17.265583 -120.000000
-128.000000 -12.537202 -120.000000
-96.000000 -13.705743 -120.000000
-64.000000 -30.441414 -120.000000
-32.000000 -30.286516 -120.000000
0.000000 -21.492111 -120.000000
32.000000 -22.110281 -120.000000
64.000000 -16.946423 -120.000000
96.000000 -12.717875 -120.000000
128.000000 -10.615019 -120.000000
160.000000 -12.577242 -120.000000
192.000000 -6.497381 -120.000000
224.000000 -7.834348 -120.000000
256.000000 -6.287592 -120.000000
288.000000 -4.007269 -120.000000
320.000000 -8.893950 -120.000000
352.000000 -9.992538 -120.000000
384.000000 -8.885004 -120.000000
-384.000000 12.333214 -96.000000
-352.000000 -0.957723 -96.000000
-320.000000 -12.778582 -96.000000
-288.000000 -13.331373 -96.000000
-256.000000 -12.995604 -96.000000
-224.000000 -12.176546 -96.000000
-192.000000 -15.413860 -96.000000
-160.000000 -18.209080 -96.000000
-128.000000 -12.416270 -96.000000
-96.000000 -17.049656 -96.000000
-64.000000 -30.459812 -96.000000
-32.000000 -30.434618 -96.000000
0.000000 -20.178593 -96.000000
32.000000 -16.753630 -96.000000
64.000000 -16.218897 -96.000000
96.000000 -9.915867 -96.000000
128.000000 -2.320049 -96.000000
160.000000 -12.606684 -96.000000
192.000000 -6.972456 -96.000000
224.000000 -7.745970 -96.000000
256.000000 -10.251295 -96.000000
288.000000 -6.290365 -96.000000
320.000000 -9.932818 -96.000000
352.000000 -9.685401 -96.000000
384.000000 -9.957757 -96.000000
-384.000000 11.248419 -72.000000
-352.000000 -6.929087 -72.000000
-320.000000 -11.319443 -72.000000
-288.000000 -7.763288 -72.000000
-256.000000 -10.319123 -72.000000
-224.000000 -10.061470 -72.000000
-192.000000 -17.348532 -72.000000
-160.000000 -18.887569 -72.000000
-128.000000 -12.650412 -72.000000
-96.000000 -18.458061 -72.000000
-64.000000 -30.491573 -72.000000
-32.000000 -30.479088 -72.000000
0.000000 -18.208452 -72.000000
32.000000 -17.449177 -72.000000
64.000000 -18.267847 -72.000000
96.000000 -9.713371 -72.000000
128.000000 -8.129026 -72.000000
160.000000 -10.964108 -72.000000
192.000000 -6.086775 -72.000000
224.000000 -6.963655 -72.000000
256.000000 -7.286353 -72.000000
288.000000 -7.101636 -72.000000
320.000000 -6.376543 -72.000000
352.000000 -8.330647 -72.000000
384.000000 -10.195273 -72.000000
-384.000000 5.723831 -48.000000
-352.000000 -16.738855 -48.000000
-320.000000 -16.564087 -48.000000
-288.000000 -10.556514 -48.000000
-256.000000 -6.652832 -48.000000
-224.000000 -7.902807 -48.000000
-192.000000 -17.592396 -48.000000
-160.000000 -19.154133 -48.000000
-128.000000 -15.027273 -48.000000
-96.000000 -20.011448 -48.000000
-64.000000 -30.508404 -48.000000
-32.000000 -30.521824 -48.000000
0.000000 -15.250281 -48.000000
32.000000 -16.695789 -48.000000
64.000000 -14.102915 -48.000000
96.000000 -15.903276 -48.000000
128.000000 -13.467221 -48.000000
160.000000 -13.061592 -48.000000
192.000000 -9.451342 -48.000000
224.000000 -3.292920 -48.000000
256.000000 -10.433484 -48.000000
288.000000 -5.613525 -48.000000
320.000000 -10.691066 -48.000000
352.000000 -5.511246 -48.000000
384.000000 -6.142846 -48.000000
-384.000000 -4.822477 -24.000000
-352.000000 -17.342575 -24.000000
-320.000000 -19.212729 -24.000000
-288.000000 -15.220000 -24.000000
-256.000000 -14.302827 -24.000000
-224.000000 -11.709774 -24.000000
-192.000000 -19.830975 -24.000000
-160.000000 -19.130066 -24.000000
-128.000000 -14.380110 -24.000000
-96.000000 -22.954454 -24.000000
-64.000000 -30.523762 -24.000000
-32.000000 -30.513285 -24.000000
0.000000 -20.752661 -24.000000
32.000000 -16.061394 -24.000000
64.000000 -15.155076 -24.000000
96.000000 -13.131790 -24.000000
128.000000 -11.675214 -24.000000
160.000000 -12.566312 -24.000000
192.000000 -8.176296 -24.000000
224.000000 -11.258430 -24.000000
256.000000 -10.935490 -24.000000
288.000000 -7.977662 -24.000000
320.000000 -11.812754 -24.000000
352.000000 -11.121462 -24.000000
384.000000 -8.543636 -24.000000
-384.000000 -14.721590 0.000000
-352.000000 -20.843670 0.000000
-320.000000 -21.400650 0.000000
-288.000000 -17.829176 0.000000
-256.000000 -18.815086 0.000000
-224.000000 -21.530432 0.000000
-192.000000 -21.725269 0.000000
-160.000000 -19.026327 0.000000
-128.000000 -12.964953 0.000000
-96.000000 -26.275177 0.000000
-64.000000 -30.538710 0.000000
-32.000000 -30.300102 0.000000
0.000000 -20.825239 0.000000
32.000000 -17.562952 0.000000
64.000000 -15.128540 0.000000
96.000000 -14.071838 0.000000
128.000000 -14.524269 0.000000
160.000000 -10.964807 0.000000
192.000000 -9.109444 0.000000
224.000000 -10.133860 0.000000
256.000000 -10.847586 0.000000
288.000000 -6.093287 0.000000
320.000000 -11.434793 0.000000
352.000000 -12.179691 0.000000
384.000000 -8.722366 0.000000
-384.000000 -17.094593 24.000000
-352.000000 -21.941584 24.000000
-320.000000 -19.482439 24.000000
-288.000000 -16.959503 24.000000
-256.000000 -20.382835 24.000000
-224.000000 -21.286198 24.000000
-192.000000 -22.203411 24.000000
-160.000000 -18.859079 24.000000
-128.000000 -14.920817 24.000000
-96.000000 -28.602076 24.000000
-64.000000 -30.546181 24.000000
-32.000000 -27.720268 24.000000
0.000000 -16.219954 24.000000
32.000000 -16.857605 24.000000
64.000000 -13.601306 24.000000
96.000000 -14.143812 24.000000
128.000000 -10.504350 24.000000
160.000000 -9.758539 24.000000
192.000000 -11.382999 24.000000
224.000000 -8.455975 24.000000
256.000000 -10.487534 24.000000
288.000000 -10.742551 24.000000
320.000000 -9.843264 24.000000
352.000000 -9.961350 24.000000
384.000000 -9.083260 24.000000
-384.000000 -18.107235 48.000000
-352.000000 -22.307915 48.000000
-320.000000 -16.482071 48.000000
-288.000000 -12.547234 48.000000
-256.000000 -12.653049 48.000000
-224.000000 -21.511505 48.000000
-192.000000 -23.123009 48.000000
-160.000000 -18.930668 48.000000
-128.000000 -18.305864 48.000000
-96.000000 -30.548689 48.000000
-64.000000 -30.545677 48.000000
-32.000000 -26.191225 48.000000
0.000000 -18.703259 48.000000
32.000000 -15.920449 48.000000
64.000000 -14.685825 48.000000
96.000000 -13.378404 48.000000
128.000000 -7.714466 48.000000
160.000000 -4.225476 48.000000
192.000000 -8.080280 48.000000
224.000000 -10.742856 48.000000
256.000000 -10.873284 48.000000
288.000000 -11.477950 48.000000
320.000000 -10.728754 48.000000
352.000000 -9.537798 48.000000
384.000000 -10.984224 48.000000
-384.000000 -20.443438 72.000000
-352.000000 -22.039932 72.000000
-320.000000 -22.053278 72.000000
-288.000000 -17.855404 72.000000
-256.000000 -14.703428 72.000000
-224.000000 -21.957302 72.000000
-192.000000 -22.319986 72.000000
-160.000000 -20.333921 72.000000
-128.000000 -19.344954 72.000000
-96.000000 -30.553057 72.000000
-64.000000 -30.545710 72.000000
-32.000000 -21.085974 72.000000
0.000000 -15.519139 72.000000
32.000000 -9.918912 72.000000
64.000000 -9.600476 72.000000
96.000000 -11.600397 72.000000
128.000000 -9.004897 72.000000
160.000000 -8.765212 72.000000
192.000000 -5.443189 72.000000
224.000000 -8.776651 72.000000
256.000000 -11.924603 72.000000
288.000000 -10.592022 72.000000
320.000000 -9.734401 72.000000
352.000000 -12.864232 72.000000
384.000000 -11.794172 72.000000
-384.000000 -17.678926 96.000000
-352.000000 -14.756040 96.000000
-320.000000 -19.130745 96.000000
-288.000000 -22.853170 96.000000
-256.000000 -22.745863 96.000000
-224.000000 -22.134077 96.000000
-192.000000 -20.875303 96.000000
-160.000000 -20.382080 96.000000
-128.000000 -26.602501 96.000000
-96.000000 -30.557350 96.000000
-64.000000 -30.444210 96.000000
-32.000000 -18.965010 96.000000
0.000000 -13.715676 96.000000
32.000000 -9.580783 96.000000
64.000000 -4.114312 96.000000
96.000000 -9.542724 96.000000
128.000000 -13.305304 96.000000
160.000000 -9.406943 96.000000
192.000000 -9.167163 96.000000
224.000000 -12.100372 96.000000
256.000000 -1.994174 96.000000
288.000000 -9.126380 96.000000
320.000000 -11.320980 96.000000
352.000000 -9.862989 96.000000
384.000000 -11.049081 96.000000
-384.000000 -17.586773 120.000000
-352.000000 -14.353539 120.000000
-320.000000 -17.793726 120.000000
-288.000000 -21.056870 120.000000
-256.000000 -21.134455 120.000000
-224.000000 -22.064505 120.000000
-192.000000 -19.541668 120.000000
-160.000000 -16.663521 120.000000
-128.000000 -26.030605 120.000000
-96.000000 -30.554447 120.000000
-64.000000 -28.420830 120.000000
-32.000000 -19.890177 120.000000
0.000000 -14.271273 120.000000
32.000000 -12.736997 120.000000
64.000000 -5.112458 120.000000
96.000000 -11.171328 120.000000
128.000000 -11.488086 120.000000
160.000000 -9.702836 120.000000
192.000000 -11.457486 120.000000
224.000000 -9.651906 120.000000
256.000000 -2.666425 120.000000
288.000000 -1.147444 120.000000
320.000000 -13.678425 120.000000
352.000000 -13.457469 120.000000
384.000000 -10.963512 120.000000
-384.000000 -18.134495 144.000000
-352.000000 -19.068411 144.000000
-320.000000 -20.302889 144.000000
-288.000000 -17.321716 144.000000
-256.000000 -19.824598 144.000000
-224.000000 -21.670717 144.000000
-192.000000 -20.042362 144.000000
-160.000000 -18.815887 144.000000
-128.000000 -29.758734 144.000000
-96.000000 -30.559698 144.000000
-64.000000 -24.043793 144.000000
-32.000000 -15.931578 144.000000
0.000000 2.275474 144.000000
32.000000 4.486419 144.000000
64.000000 -10.457341 144.000000
96.000000 -7.770789 144.000000
128.000000 -11.715901 144.000000
160.000000 -13.044887 144.000000
192.000000 -12.022678 144.000000
224.000000 -3.058828 144.000000
256.000000 -7.379248 144.000000
288.000000 -0.560743 144.000000
320.000000 -13.877594 144.000000
352.000000 -13.875726 144.000000
384.000000 -12.716933 144.000000
-384.000000 -19.145573 168.000000
-352.000000 -20.565090 168.000000
-320.000000 -21.736511 168.000000
-288.000000 -21.692581 168.000000
-256.000000 -22.089911 168.000000
-224.000000 -21.087578 168.000000
-192.000000 -19.762352 168.000000
-160.000000 -24.806263 168.000000
-128.000000 -30.567112 168.000000
-96.000000 -30.567772 168.000000
-64.000000 -21.762800 168.000000
-32.000000 -12.664239 168.000000
0.000000 -4.291411 168.000000
32.000000 2.724984 168.000000
64.000000 -11.106584 168.000000
96.000000 -6.499989 168.000000
128.000000 -2.049787 168.000000
160.000000 -6.459628 168.000000
192.000000 -11.158504 168.000000
224.000000 3.073242 168.000000
256.000000 -2.907097 168.000000
288.000000 -4.556839 168.000000
320.000000 -14.462575 168.000000
352.000000 -14.092179 168.000000
384.000000 -12.785952 168.000000
-384.000000 -20.083744 192.000000
-352.000000 -19.903334 192.000000
-320.000000 -22.180035 192.000000
-288.000000 -22.161350 192.000000
-256.000000 -21.867411 192.000000
-224.000000 -20.767448 192.000000
-192.000000 -20.064863 192.000000
-160.000000 -22.970026 192.000000
-128.000000 -26.022106 192.000000
-96.000000 -30.543446 192.000000
-64.000000 -17.864170 192.000000
-32.000000 -13.286355 192.000000
0.000000 -1.217485 192.000000
32.000000 3.038564 192.000000
64.000000 -6.146882 192.000000
96.000000 -8.803046 192.000000
128.000000 -10.853836 192.000000
160.000000 -8.504560 192.000000
192.000000 -12.580400 192.000000
224.000000 -9.670114 192.000000
256.000000 -1.630333 192.000000
288.000000 -10.191779 192.000000
320.000000 -14.429129 192.000000
352.000000 -14.309091 192.000000
384.000000 -13.033502 192.000000
-384.000000 -16.688654 216.000000
-352.000000 -21.823587 216.000000
-320.000000 -22.273798 216.000000
-288.000000 -22.468513 216.000000
-256.000000 -21.397997 216.000000
-224.000000 -20.369482 216.000000
-192.000000 -19.138756 216.000000
-160.000000 -29.895521 216.000000
-128.000000 -29.195999 216.000000
-96.000000 -24.615040 216.000000
-64.000000 -17.057196 216.000000
-32.000000 5.816136 216.000000
0.000000 -0.508761 216.000000
32.000000 -2.147270 216.000000
64.000000 0.592698 216.000000
96.000000 -10.823323 216.000000
128.000000 -12.206981 216.000000
160.000000 -13.423121 216.000000
192.000000 -2.500283 216.000000
224.000000 0.252122 216.000000
256.000000 -6.344829 216.000000
288.000000 -14.413746 216.000000
320.000000 -14.714590 216.000000
352.000000 -12.294095 216.000000
384.000000 -11.058463 216.000000
-384.000000 -16.608990 240.000000
-352.000000 -22.255013 240.000000
-320.000000 -22.476742 240.000000
-288.000000 -22.135803 240.000000
-256.000000 -21.030193 240.000000
-224.000000 -20.188894 240.000000
-192.000000 -26.122599 240.000000
-160.000000 -30.574389 240.000000
-128.000000 -30.571520 240.000000
-96.000000 -26.036524 240.000000
-64.000000 -18.883963 240.000000
-32.000000 -4.276135 240.000000
0.000000 1.346642 240.000000
32.000000 -5.565344 240.000000
64.000000 4.822439 240.000000
96.000000 -5.341483 240.000000
128.000000 -7.191891 240.000000
160.000000 -13.270877 240.000000
192.000000 2.215029 240.000000
224.000000 -9.850833 240.000000
256.000000 1.512900 240.000000
288.000000 -14.368573 240.000000
320.000000 -8.774611 240.000000
352.000000 -7.371882 240.000000
384.000000 -9.296616 240.000000
-384.000000 -19.714830 264.000000
-352.000000 -22.307861 264.000000
-320.000000 -22.612360 264.000000
-288.000000 -21.586956 264.000000
-256.000000 -21.189445 264.000000
-224.000000 -19.893124 264.000000
-192.000000 -29.924522 264.000000
-160.000000 -30.581558 264.000000
-128.000000 -30.545162 264.000000
-96.000000 -18.829672 264.000000
-64.000000 -3.683368 264.000000
-32.000000 -0.877973 264.000000
0.000000 -7.579662 264.000000
32.000000 -14.768494 264.000000
64.000000 -11.700653 264.000000
96.000000 -2.801751 264.000000
128.000000 2.570071 264.000000
160.000000 -9.672848 264.000000
192.000000 2.538553 264.000000
224.000000 -11.307409 264.000000
256.000000 -2.091181 264.000000
288.000000 -8.808983 264.000000
320.000000 -8.262462 264.000000
352.000000 -2.918207 264.000000
384.000000 -12.925552 264.000000
-384.000000 -19.616495 288.000000
-352.000000 -19.181883 288.000000
-320.000000 -21.225546 288.000000
-288.000000 -21.541046 288.000000
-256.000000 -20.911594 288.000000
-224.000000 -23.217659 288.000000
-192.000000 -30.588503 288.000000
-160.000000 -30.585396 288.000000
-128.000000 -29.201298 288.000000
-96.000000 -16.859898 288.000000
-64.000000 -14.389750 288.000000
-32.000000 -6.069028 288.000000
0.000000 3.349741 288.000000
32.000000 -13.573239 288.000000
64.000000 -14.064240 288.000000
96.000000 -13.952310 288.000000
128.000000 -14.171597 288.000000
160.000000 -10.046396 288.000000
192.000000 1.833347 288.000000
224.000000 6.388611 288.000000
256.000000 -8.326337 288.000000
288.000000 -8.648696 288.000000
320.000000 -11.200464 288.000000
352.000000 -3.988757 288.000000
384.000000 -8.872862 288.000000