1058
0 26 1 -1 -1 -1
0 25 26 -1 -1 -1
1 27 2 -1 -1 -1
1 26 27 -1 -1 -1
2 28 3 -1 -1 -1
2 27 28 -1 -1 -1
3 29 4 -1 -1 -1
3 28 29 -1 -1 -1
4 30 5 -1 -1 -1
4 29 30 -1 -1 -1
5 31 6 -1 -1 -1
5 30 31 -1 -1 -1
6 32 7 -1 -1 -1
6 31 32 -1 -1 -1
7 33 8 -1 -1 -1
7 32 33 -1 -1 -1
8 34 9 -1 -1 -1
8 33 34 -1 -1 -1
9 35 10 -1 -1 -1
9 34 35 -1 -1 -1
10 36 11 -1 -1 -1
10 35 36 -1 -1 -1
11 37 12 -1 -1 -1
11 36 37 -1 -1 -1
12 38 13 -1 -1 -1
12 37 38 -1 -1 -1
13 39 14 -1 -1 -1
13 38 39 -1 -1 -1
14 40 15 -1 -1 -1
14 39 40 -1 -1 -1
15 41 16 -1 -1 -1
15 40 41 -1 -1 -1
16 42 17 -1 -1 -1
16 41 42 -1 -1 -1
17 43 18 -1 -1 -1
17 42 43 -1 -1 -1
18 44 19 -1 -1 -1
18 43 44 -1 -1 -1
19 45 20 -1 -1 -1
19 44 45 -1 -1 -1
20 46 21 -1 -1 -1
20 45 46 -1 -1 -1
21 47 22 -1 -1 -1
21 46 47 -1 -1 -1
22 48 23 -1 -1 -1
22 47 48 -1 -1 -1
25 51 26 -1 -1 -1
25 50 51 -1 -1 -1
26 52 27 -1 -1 -1
26 51 52 -1 -1 -1
27 53 28 -1 -1 -1
27 52 53 -1 -1 -1
28 54 29 -1 -1 -1
28 53 54 -1 -1 -1
29 55 30 -1 -1 -1
29 54 55 -1 -1 -1
30 56 31 -1 -1 -1
30 55 56 -1 -1 -1
31 57 32 -1 -1 -1
31 56 57 -1 -1 -1
32 58 33 -1 -1 -1
32 57 58 -1 -1 -1
33 59 34 -1 -1 -1
33 58 59 -1 -1 -1
34 60 35 -1 -1 -1
34 59 60 -1 -1 -1
35 61 36 -1 -1 -1
35 60 61 -1 -1 -1
36 62 37 -1 -1 -1
36 61 62 -1 -1 -1
37 63 38 -1 -1 -1
37 62 63 -1 -1 -1
38 64 39 -1 -1 -1
38 63 64 -1 -1 -1
39 65 40 -1 -1 -1
39 64 65 -1 -1 -1
40 66 41 -1 -1 -1
40 65 66 -1 -1 -1
41 67 42 -1 -1 -1
41 66 67 -1 -1 -1
42 68 43 -1 -1 -1
42 67 68 -1 -1 -1
43 69 44 -1 -1 -1
43 68 69 -1 -1 -1
44 70 45 -1 -1 -1
44 69 70 -1 -1 -1
45 71 46 -1 -1 -1
45 70 71 -1 -1 -1
46 72 47 -1 -1 -1
46 71 72 -1 -1 -1
47 73 48 -1 -1 -1
47 72 73 -1 -1 -1
50 76 51 -1 -1 -1
50 75 76 -1 -1 -1
51 77 52 -1 -1 -1
51 76 77 -1 -1 -1
52 78 53 -1 -1 -1
52 77 78 -1 -1 -1
53 79 54 -1 -1 -1
53 78 79 -1 -1 -1
54 80 55 -1 -1 -1
54 79 80 -1 -1 -1
55 81 56 -1 -1 -1
55 80 81 -1 -1 -1
56 82 57 -1 -1 -1
56 81 82 -1 -1 -1
57 83 58 -1 -1 -1
57 82 83 -1 -1 -1
58 84 59 -1 -1 -1
58 83 84 -1 -1 -1
59 85 60 -1 -1 -1
59 84 85 -1 -1 -1
60 86 61 -1 -1 -1
60 85 86 -1 -1 -1
61 87 62 -1 -1 -1
61 86 87 -1 -1 -1
62 88 63 -1 -1 -1
62 87 88 -1 -1 -1
63 89 64 -1 -1 -1
63 88 89 -1 -1 -1
64 90 65 -1 -1 -1
64 89 90 -1 -1 -1
65 91 66 -1 -1 -1
65 90 91 -1 -1 -1
66 92 67 -1 -1 -1
66 91 92 -1 -1 -1
67 93 68 -1 -1 -1
67 92 93 -1 -1 -1
68 94 69 -1 -1 -1
68 93 94 -1 -1 -1
69 95 70 -1 -1 -1
69 94 95 -1 -1 -1
70 96 71 -1 -1 -1
70 95 96 -1 -1 -1
71 97 72 -1 -1 -1
71 96 97 -1 -1 -1
72 98 73 -1 -1 -1
72 97 98 -1 -1 -1
75 101 76 -1 -1 -1
75 100 101 -1 -1 -1
76 102 77 -1 -1 -1
76 101 102 -1 -1 -1
77 103 78 -1 -1 -1
77 102 103 -1 -1 -1
78 104 79 -1 -1 -1
78 103 104 -1 -1 -1
79 105 80 -1 -1 -1
79 104 105 -1 -1 -1
80 106 81 -1 -1 -1
80 105 106 -1 -1 -1
81 107 82 -1 -1 -1
81 106 107 -1 -1 -1
82 108 83 -1 -1 -1
82 107 108 -1 -1 -1
83 109 84 -1 -1 -1
83 108 109 -1 -1 -1
84 110 85 -1 -1 -1
84 109 110 -1 -1 -1
85 111 86 -1 -1 -1
85 110 111 -1 -1 -1
86 112 87 -1 -1 -1
86 111 112 -1 -1 -1
87 113 88 -1 -1 -1
87 112 113 -1 -1 -1
88 114 89 -1 -1 -1
88 113 114 -1 -1 -1
89 115 90 -1 -1 -1
89 114 115 -1 -1 -1
90 116 91 -1 -1 -1
90 115 116 -1 -1 -1
91 117 92 -1 -1 -1
91 116 117 -1 -1 -1
92 118 93 -1 -1 -1
92 117 118 -1 -1 -1
93 119 94 -1 -1 -1
93 118 119 -1 -1 -1
94 120 95 -1 -1 -1
94 119 120 -1 -1 -1
95 121 96 -1 -1 -1
95 120 121 -1 -1 -1
96 122 97 -1 -1 -1
96 121 122 -1 -1 -1
97 123 98 -1 -1 -1
97 122 123 -1 -1 -1
100 126 101 -1 -1 -1
100 125 126 -1 -1 -1
101 127 102 -1 -1 -1
101 126 127 -1 -1 -1
102 128 103 -1 -1 -1
102 127 128 -1 -1 -1
103 129 104 -1 -1 -1
103 128 129 -1 -1 -1
104 130 105 -1 -1 -1
104 129 130 -1 -1 -1
105 131 106 -1 -1 -1
105 130 131 -1 -1 -1
106 132 107 -1 -1 -1
106 131 132 -1 -1 -1
107 133 108 -1 -1 -1
107 132 133 -1 -1 -1
108 134 109 -1 -1 -1
108 133 134 -1 -1 -1
109 135 110 -1 -1 -1
109 134 135 -1 -1 -1
110 136 111 -1 -1 -1
110 135 136 -1 -1 -1
111 137 112 -1 -1 -1
111 136 137 -1 -1 -1
112 138 113 -1 -1 -1
112 137 138 -1 -1 -1
113 139 114 -1 -1 -1
113 138 139 -1 -1 -1
114 140 115 -1 -1 -1
114 139 140 -1 -1 -1
115 141 116 -1 -1 -1
115 140 141 -1 -1 -1
116 142 117 -1 -1 -1
116 141 142 -1 -1 -1
117 143 118 -1 -1 -1
117 142 143 -1 -1 -1
118 144 119 -1 -1 -1
118 143 144 -1 -1 -1
119 145 120 -1 -1 -1
119 144 145 -1 -1 -1
120 146 121 -1 -1 -1
120 145 146 -1 -1 -1
121 147 122 -1 -1 -1
121 146 147 -1 -1 -1
122 148 123 -1 -1 -1
122 147 148 -1 -1 -1
125 151 126 -1 -1 -1
125 150 151 -1 -1 -1
126 152 127 -1 -1 -1
126 151 152 -1 -1 -1
127 153 128 -1 -1 -1
127 152 153 -1 -1 -1
128 154 129 -1 -1 -1
128 153 154 -1 -1 -1
129 155 130 -1 -1 -1
129 154 155 -1 -1 -1
130 156 131 -1 -1 -1
130 155 156 -1 -1 -1
131 157 132 -1 -1 -1
131 156 157 -1 -1 -1
132 158 133 -1 -1 -1
132 157 158 -1 -1 -1
133 159 134 -1 -1 -1
133 158 159 -1 -1 -1
134 160 135 -1 -1 -1
134 159 160 -1 -1 -1
135 161 136 -1 -1 -1
135 160 161 -1 -1 -1
136 162 137 -1 -1 -1
136 161 162 -1 -1 -1
137 163 138 -1 -1 -1
137 162 163 -1 -1 -1
138 164 139 -1 -1 -1
138 163 164 -1 -1 -1
139 165 140 -1 -1 -1
139 164 165 -1 -1 -1
140 166 141 -1 -1 -1
140 165 166 -1 -1 -1
141 167 142 -1 -1 -1
141 166 167 -1 -1 -1
142 168 143 -1 -1 -1
142 167 168 -1 -1 -1
143 169 144 -1 -1 -1
143 168 169 -1 -1 -1
144 170 145 -1 -1 -1
144 169 170 -1 -1 -1
145 171 146 -1 -1 -1
145 170 171 -1 -1 -1
146 172 147 -1 -1 -1
146 171 172 -1 -1 -1
147 173 148 -1 -1 -1
147 172 173 -1 -1 -1
150 176 151 -1 -1 -1
150 175 176 -1 -1 -1
151 177 152 -1 -1 -1
151 176 177 -1 -1 -1
152 178 153 -1 -1 -1
152 177 178 -1 -1 -1
153 179 154 -1 -1 -1
153 178 179 -1 -1 -1
154 180 155 -1 -1 -1
154 179 180 -1 -1 -1
155 181 156 -1 -1 -1
155 180 181 -1 -1 -1
156 182 157 -1 -1 -1
156 181 182 -1 -1 -1
157 183 158 -1 -1 -1
157 182 183 -1 -1 -1
158 184 159 -1 -1 -1
158 183 184 -1 -1 -1
159 185 160 -1 -1 -1
159 184 185 -1 -1 -1
160 186 161 -1 -1 -1
160 185 186 -1 -1 -1
161 187 162 -1 -1 -1
161 186 187 -1 -1 -1
162 188 163 -1 -1 -1
162 187 188 -1 -1 -1
163 189 164 -1 -1 -1
163 188 189 -1 -1 -1
164 190 165 -1 -1 -1
164 189 190 -1 -1 -1
165 191 166 -1 -1 -1
165 190 191 -1 -1 -1
166 192 167 -1 -1 -1
166 191 192 -1 -1 -1
167 193 168 -1 -1 -1
167 192 193 -1 -1 -1
168 194 169 -1 -1 -1
168 193 194 -1 -1 -1
169 195 170 -1 -1 -1
169 194 195 -1 -1 -1
170 196 171 -1 -1 -1
170 195 196 -1 -1 -1
171 197 172 -1 -1 -1
171 196 197 -1 -1 -1
172 198 173 -1 -1 -1
172 197 198 -1 -1 -1
175 201 176 -1 -1 -1
175 200 201 -1 -1 -1
176 202 177 -1 -1 -1
176 201 202 -1 -1 -1
177 203 178 -1 -1 -1
177 202 203 -1 -1 -1
178 204 179 -1 -1 -1
178 203 204 -1 -1 -1
179 205 180 -1 -1 -1
179 204 205 -1 -1 -1
180 206 181 -1 -1 -1
180 205 206 -1 -1 -1
181 207 182 -1 -1 -1
181 206 207 -1 -1 -1
182 208 183 -1 -1 -1
182 207 208 -1 -1 -1
183 209 184 -1 -1 -1
183 208 209 -1 -1 -1
184 210 185 -1 -1 -1
184 209 210 -1 -1 -1
185 211 186 -1 -1 -1
185 210 211 -1 -1 -1
186 212 187 -1 -1 -1
186 211 212 -1 -1 -1
187 213 188 -1 -1 -1
187 212 213 -1 -1 -1
188 214 189 -1 -1 -1
188 213 214 -1 -1 -1
189 215 190 -1 -1 -1
189 214 215 -1 -1 -1
190 216 191 -1 -1 -1
190 215 216 -1 -1 -1
191 217 192 -1 -1 -1
191 216 217 -1 -1 -1
192 218 193 -1 -1 -1
192 217 218 -1 -1 -1
193 219 194 -1 -1 -1
193 218 219 -1 -1 -1
194 220 195 -1 -1 -1
194 219 220 -1 -1 -1
195 221 196 -1 -1 -1
195 220 221 -1 -1 -1
196 222 197 -1 -1 -1
196 221 222 -1 -1 -1
197 223 198 -1 -1 -1
197 222 223 -1 -1 -1
200 226 201 -1 -1 -1
200 225 226 -1 -1 -1
201 227 202 -1 -1 -1
201 226 227 -1 -1 -1
202 228 203 -1 -1 -1
202 227 228 -1 -1 -1
203 229 204 -1 -1 -1
203 228 229 -1 -1 -1
204 230 205 -1 -1 -1
204 229 230 -1 -1 -1
205 231 206 -1 -1 -1
205 230 231 -1 -1 -1
206 232 207 -1 -1 -1
206 231 232 -1 -1 -1
207 233 208 -1 -1 -1
207 232 233 -1 -1 -1
208 234 209 -1 -1 -1
208 233 234 -1 -1 -1
209 235 210 -1 -1 -1
209 234 235 -1 -1 -1
210 236 211 -1 -1 -1
210 235 236 -1 -1 -1
211 237 212 -1 -1 -1
211 236 237 -1 -1 -1
212 238 213 -1 -1 -1
212 237 238 -1 -1 -1
213 239 214 -1 -1 -1
213 238 239 -1 -1 -1
214 240 215 -1 -1 -1
214 239 240 -1 -1 -1
215 241 216 -1 -1 -1
215 240 241 -1 -1 -1
216 242 217 -1 -1 -1
216 241 242 -1 -1 -1
217 243 218 -1 -1 -1
217 242 243 -1 -1 -1
218 244 219 -1 -1 -1
218 243 244 -1 -1 -1
219 245 220 -1 -1 -1
219 244 245 -1 -1 -1
220 246 221 -1 -1 -1
220 245 246 -1 -1 -1
221 247 222 -1 -1 -1
221 246 247 -1 -1 -1
222 248 223 -1 -1 -1
222 247 248 -1 -1 -1
225 251 226 -1 -1 -1
225 250 251 -1 -1 -1
226 252 227 -1 -1 -1
226 251 252 -1 -1 -1
227 253 228 -1 -1 -1
227 252 253 -1 -1 -1
228 254 229 -1 -1 -1
228 253 254 -1 -1 -1
229 255 230 -1 -1 -1
229 254 255 -1 -1 -1
230 256 231 -1 -1 -1
230 255 256 -1 -1 -1
231 257 232 -1 -1 -1
231 256 257 -1 -1 -1
232 258 233 -1 -1 -1
232 257 258 -1 -1 -1
233 259 234 -1 -1 -1
233 258 259 -1 -1 -1
234 260 235 -1 -1 -1
234 259 260 -1 -1 -1
235 261 236 -1 -1 -1
235 260 261 -1 -1 -1
236 262 237 -1 -1 -1
236 261 262 -1 -1 -1
237 263 238 -1 -1 -1
237 262 263 -1 -1 -1
238 264 239 -1 -1 -1
238 263 264 -1 -1 -1
239 265 240 -1 -1 -1
239 264 265 -1 -1 -1
240 266 241 -1 -1 -1
240 265 266 -1 -1 -1
241 267 242 -1 -1 -1
241 266 267 -1 -1 -1
242 268 243 -1 -1 -1
242 267 268 -1 -1 -1
243 269 244 -1 -1 -1
243 268 269 -1 -1 -1
244 270 245 -1 -1 -1
244 269 270 -1 -1 -1
245 271 246 -1 -1 -1
245 270 271 -1 -1 -1
246 272 247 -1 -1 -1
246 271 272 -1 -1 -1
247 273 248 -1 -1 -1
247 272 273 -1 -1 -1
250 276 251 -1 -1 -1
250 275 276 -1 -1 -1
251 277 252 -1 -1 -1
251 276 277 -1 -1 -1
252 278 253 -1 -1 -1
252 277 278 -1 -1 -1
253 279 254 -1 -1 -1
253 278 279 -1 -1 -1
254 280 255 -1 -1 -1
254 279 280 -1 -1 -1
255 281 256 -1 -1 -1
255 280 281 -1 -1 -1
256 282 257 -1 -1 -1
256 281 282 -1 -1 -1
257 283 258 -1 -1 -1
257 282 283 -1 -1 -1
258 284 259 -1 -1 -1
258 283 284 -1 -1 -1
259 285 260 -1 -1 -1
259 284 285 -1 -1 -1
260 286 261 -1 -1 -1
260 285 286 -1 -1 -1
261 287 262 -1 -1 -1
261 286 287 -1 -1 -1
262 288 263 -1 -1 -1
262 287 288 -1 -1 -1
263 289 264 -1 -1 -1
263 288 289 -1 -1 -1
264 290 265 -1 -1 -1
264 289 290 -1 -1 -1
265 291 266 -1 -1 -1
265 290 291 -1 -1 -1
266 292 267 -1 -1 -1
266 291 292 -1 -1 -1
267 293 268 -1 -1 -1
267 292 293 -1 -1 -1
268 294 269 -1 -1 -1
268 293 294 -1 -1 -1
269 295 270 -1 -1 -1
269 294 295 -1 -1 -1
270 296 271 -1 -1 -1
270 295 296 -1 -1 -1
271 297 272 -1 -1 -1
271 296 297 -1 -1 -1
272 298 273 -1 -1 -1
272 297 298 -1 -1 -1
275 301 276 -1 -1 -1
275 300 301 -1 -1 -1
276 302 277 -1 -1 -1
276 301 302 -1 -1 -1
277 303 278 -1 -1 -1
277 302 303 -1 -1 -1
278 304 279 -1 -1 -1
278 303 304 -1 -1 -1
279 305 280 -1 -1 -1
279 304 305 -1 -1 -1
280 306 281 -1 -1 -1
280 305 306 -1 -1 -1
281 307 282 -1 -1 -1
281 306 307 -1 -1 -1
282 308 283 -1 -1 -1
282 307 308 -1 -1 -1
283 309 284 -1 -1 -1
283 308 309 -1 -1 -1
284 310 285 -1 -1 -1
284 309 310 -1 -1 -1
285 311 286 -1 -1 -1
285 310 311 -1 -1 -1
286 312 287 -1 -1 -1
286 311 312 -1 -1 -1
287 313 288 -1 -1 -1
287 312 313 -1 -1 -1
288 314 289 -1 -1 -1
288 313 314 -1 -1 -1
289 315 290 -1 -1 -1
289 314 315 -1 -1 -1
290 316 291 -1 -1 -1
290 315 316 -1 -1 -1
291 317 292 -1 -1 -1
291 316 317 -1 -1 -1
292 318 293 -1 -1 -1
292 317 318 -1 -1 -1
293 319 294 -1 -1 -1
293 318 319 -1 -1 -1
294 320 295 -1 -1 -1
294 319 320 -1 -1 -1
295 321 296 -1 -1 -1
295 320 321 -1 -1 -1
296 322 297 -1 -1 -1
296 321 322 -1 -1 -1
297 323 298 -1 -1 -1
297 322 323 -1 -1 -1
300 326 301 -1 -1 -1
300 325 326 -1 -1 -1
301 327 302 -1 -1 -1
301 326 327 -1 -1 -1
302 328 303 -1 -1 -1
302 327 328 -1 -1 -1
303 329 304 -1 -1 -1
303 328 329 -1 -1 -1
304 330 305 -1 -1 -1
304 329 330 -1 -1 -1
305 331 306 -1 -1 -1
305 330 331 -1 -1 -1
306 332 307 -1 -1 -1
306 331 332 -1 -1 -1
307 333 308 -1 -1 -1
307 332 333 -1 -1 -1
308 334 309 -1 -1 -1
308 333 334 -1 -1 -1
309 335 310 -1 -1 -1
309 334 335 -1 -1 -1
310 336 311 -1 -1 -1
310 335 336 -1 -1 -1
311 337 312 -1 -1 -1
311 336 337 -1 -1 -1
312 338 313 -1 -1 -1
312 337 338 -1 -1 -1
313 339 314 -1 -1 -1
313 338 339 -1 -1 -1
314 340 315 -1 -1 -1
314 339 340 -1 -1 -1
315 341 316 -1 -1 -1
315 340 341 -1 -1 -1
316 342 317 -1 -1 -1
316 341 342 -1 -1 -1
317 343 318 -1 -1 -1
317 342 343 -1 -1 -1
318 344 319 -1 -1 -1
318 343 344 -1 -1 -1
319 345 320 -1 -1 -1
319 344 345 -1 -1 -1
320 346 321 -1 -1 -1
320 345 346 -1 -1 -1
321 347 322 -1 -1 -1
321 346 347 -1 -1 -1
322 348 323 -1 -1 -1
322 347 348 -1 -1 -1
325 351 326 -1 -1 -1
325 350 351 -1 -1 -1
326 352 327 -1 -1 -1
326 351 352 -1 -1 -1
327 353 328 -1 -1 -1
327 352 353 -1 -1 -1
328 354 329 -1 -1 -1
328 353 354 -1 -1 -1
329 355 330 -1 -1 -1
329 354 355 -1 -1 -1
330 356 331 -1 -1 -1
330 355 356 -1 -1 -1
331 357 332 -1 -1 -1
331 356 357 -1 -1 -1
332 358 333 -1 -1 -1
332 357 358 -1 -1 -1
333 359 334 -1 -1 -1
333 358 359 -1 -1 -1
334 360 335 -1 -1 -1
334 359 360 -1 -1 -1
335 361 336 -1 -1 -1
335 360 361 -1 -1 -1
336 362 337 -1 -1 -1
336 361 362 -1 -1 -1
337 363 338 -1 -1 -1
337 362 363 -1 -1 -1
338 364 339 -1 -1 -1
338 363 364 -1 -1 -1
339 365 340 -1 -1 -1
339 364 365 -1 -1 -1
340 366 341 -1 -1 -1
340 365 366 -1 -1 -1
341 367 342 -1 -1 -1
341 366 367 -1 -1 -1
342 368 343 -1 -1 -1
342 367 368 -1 -1 -1
343 369 344 -1 -1 -1
343 368 369 -1 -1 -1
344 370 345 -1 -1 -1
344 369 370 -1 -1 -1
345 371 346 -1 -1 -1
345 370 371 -1 -1 -1
346 372 347 -1 -1 -1
346 371 372 -1 -1 -1
347 373 348 -1 -1 -1
347 372 373 -1 -1 -1
350 376 351 -1 -1 -1
350 375 376 -1 -1 -1
351 377 352 -1 -1 -1
351 376 377 -1 -1 -1
352 378 353 -1 -1 -1
352 377 378 -1 -1 -1
353 379 354 -1 -1 -1
353 378 379 -1 -1 -1
354 380 355 -1 -1 -1
354 379 380 -1 -1 -1
355 381 356 -1 -1 -1
355 380 381 -1 -1 -1
356 382 357 -1 -1 -1
356 381 382 -1 -1 -1
357 383 358 -1 -1 -1
357 382 383 -1 -1 -1
358 384 359 -1 -1 -1
358 383 384 -1 -1 -1
359 385 360 -1 -1 -1
359 384 385 -1 -1 -1
360 386 361 -1 -1 -1
360 385 386 -1 -1 -1
361 387 362 -1 -1 -1
361 386 387 -1 -1 -1
362 388 363 -1 -1 -1
362 387 388 -1 -1 -1
363 389 364 -1 -1 -1
363 388 389 -1 -1 -1
364 390 365 -1 -1 -1
364 389 390 -1 -1 -1
365 391 366 -1 -1 -1
365 390 391 -1 -1 -1
366 392 367 -1 -1 -1
366 391 392 -1 -1 -1
367 393 368 -1 -1 -1
367 392 393 -1 -1 -1
368 394 369 -1 -1 -1
368 393 394 -1 -1 -1
369 395 370 -1 -1 -1
369 394 395 -1 -1 -1
370 396 371 -1 -1 -1
370 395 396 -1 -1 -1
371 397 372 -1 -1 -1
371 396 397 -1 -1 -1
372 398 373 -1 -1 -1
372 397 398 -1 -1 -1
375 401 376 -1 -1 -1
375 400 401 -1 -1 -1
376 402 377 -1 -1 -1
376 401 402 -1 -1 -1
377 403 378 -1 -1 -1
377 402 403 -1 -1 -1
378 404 379 -1 -1 -1
378 403 404 -1 -1 -1
379 405 380 -1 -1 -1
379 404 405 -1 -1 -1
380 406 381 -1 -1 -1
380 405 406 -1 -1 -1
381 407 382 -1 -1 -1
381 406 407 -1 -1 -1
382 408 383 -1 -1 -1
382 407 408 -1 -1 -1
383 409 384 -1 -1 -1
383 408 409 -1 -1 -1
384 410 385 -1 -1 -1
384 409 410 -1 -1 -1
385 411 386 -1 -1 -1
385 410 411 -1 -1 -1
386 412 387 -1 -1 -1
386 411 412 -1 -1 -1
387 413 388 -1 -1 -1
387 412 413 -1 -1 -1
388 414 389 -1 -1 -1
388 413 414 -1 -1 -1
389 415 390 -1 -1 -1
389 414 415 -1 -1 -1
390 416 391 -1 -1 -1
390 415 416 -1 -1 -1
391 417 392 -1 -1 -1
391 416 417 -1 -1 -1
392 418 393 -1 -1 -1
392 417 418 -1 -1 -1
393 419 394 -1 -1 -1
393 418 419 -1 -1 -1
394 420 395 -1 -1 -1
394 419 420 -1 -1 -1
395 421 396 -1 -1 -1
395 420 421 -1 -1 -1
396 422 397 -1 -1 -1
396 421 422 -1 -1 -1
397 423 398 -1 -1 -1
397 422 423 -1 -1 -1
400 426 401 -1 -1 -1
400 425 426 -1 -1 -1
401 427 402 -1 -1 -1
401 426 427 -1 -1 -1
402 428 403 -1 -1 -1
402 427 428 -1 -1 -1
403 429 404 -1 -1 -1
403 428 429 -1 -1 -1
404 430 405 -1 -1 -1
404 429 430 -1 -1 -1
405 431 406 -1 -1 -1
405 430 431 -1 -1 -1
406 432 407 -1 -1 -1
406 431 432 -1 -1 -1
407 433 408 -1 -1 -1
407 432 433 -1 -1 -1
408 434 409 -1 -1 -1
408 433 434 -1 -1 -1
409 435 410 -1 -1 -1
409 434 435 -1 -1 -1
410 436 411 -1 -1 -1
410 435 436 -1 -1 -1
411 437 412 -1 -1 -1
411 436 437 -1 -1 -1
412 438 413 -1 -1 -1
412 437 438 -1 -1 -1
413 439 414 -1 -1 -1
413 438 439 -1 -1 -1
414 440 415 -1 -1 -1
414 439 440 -1 -1 -1
415 441 416 -1 -1 -1
415 440 441 -1 -1 -1
416 442 417 -1 -1 -1
416 441 442 -1 -1 -1
417 443 418 -1 -1 -1
417 442 443 -1 -1 -1
418 444 419 -1 -1 -1
418 443 444 -1 -1 -1
419 445 420 -1 -1 -1
419 444 445 -1 -1 -1
420 446 421 -1 -1 -1
420 445 446 -1 -1 -1
421 447 422 -1 -1 -1
421 446 447 -1 -1 -1
422 448 423 -1 -1 -1
422 447 448 -1 -1 -1
425 451 426 -1 -1 -1
425 450 451 -1 -1 -1
426 452 427 -1 -1 -1
426 451 452 -1 -1 -1
427 453 428 -1 -1 -1
427 452 453 -1 -1 -1
428 454 429 -1 -1 -1
428 453 454 -1 -1 -1
429 455 430 -1 -1 -1
429 454 455 -1 -1 -1
430 456 431 -1 -1 -1
430 455 456 -1 -1 -1
431 457 432 -1 -1 -1
431 456 457 -1 -1 -1
432 458 433 -1 -1 -1
432 457 458 -1 -1 -1
433 459 434 -1 -1 -1
433 458 459 -1 -1 -1
434 460 435 -1 -1 -1
434 459 460 -1 -1 -1
435 461 436 -1 -1 -1
435 460 461 -1 -1 -1
436 462 437 -1 -1 -1
436 461 462 -1 -1 -1
437 463 438 -1 -1 -1
437 462 463 -1 -1 -1
438 464 439 -1 -1 -1
438 463 464 -1 -1 -1
439 465 440 -1 -1 -1
439 464 465 -1 -1 -1
440 466 441 -1 -1 -1
440 465 466 -1 -1 -1
441 467 442 -1 -1 -1
441 466 467 -1 -1 -1
442 468 443 -1 -1 -1
442 467 468 -1 -1 -1
443 469 444 -1 -1 -1
443 468 469 -1 -1 -1
444 470 445 -1 -1 -1
444 469 470 -1 -1 -1
445 471 446 -1 -1 -1
445 470 471 -1 -1 -1
446 472 447 -1 -1 -1
446 471 472 -1 -1 -1
447 473 448 -1 -1 -1
447 472 473 -1 -1 -1
450 476 451 -1 -1 -1
450 475 476 -1 -1 -1
451 477 452 -1 -1 -1
451 476 477 -1 -1 -1
452 478 453 -1 -1 -1
452 477 478 -1 -1 -1
453 479 454 -1 -1 -1
453 478 479 -1 -1 -1
454 480 455 -1 -1 -1
454 479 480 -1 -1 -1
455 481 456 -1 -1 -1
455 480 481 -1 -1 -1
456 482 457 -1 -1 -1
456 481 482 -1 -1 -1
457 483 458 -1 -1 -1
457 482 483 -1 -1 -1
458 484 459 -1 -1 -1
458 483 484 -1 -1 -1
459 485 460 -1 -1 -1
459 484 485 -1 -1 -1
460 486 461 -1 -1 -1
460 485 486 -1 -1 -1
461 487 462 -1 -1 -1
461 486 487 -1 -1 -1
462 488 463 -1 -1 -1
462 487 488 -1 -1 -1
463 489 464 -1 -1 -1
463 488 489 -1 -1 -1
464 490 465 -1 -1 -1
464 489 490 -1 -1 -1
465 491 466 -1 -1 -1
465 490 491 -1 -1 -1
466 492 467 -1 -1 -1
466 491 492 -1 -1 -1
467 493 468 -1 -1 -1
467 492 493 -1 -1 -1
468 494 469 -1 -1 -1
468 493 494 -1 -1 -1
469 495 470 -1 -1 -1
469 494 495 -1 -1 -1
470 496 471 -1 -1 -1
470 495 496 -1 -1 -1
471 497 472 -1 -1 -1
471 496 497 -1 -1 -1
472 498 473 -1 -1 -1
472 497 498 -1 -1 -1
475 501 476 -1 -1 -1
475 500 501 -1 -1 -1
476 502 477 -1 -1 -1
476 501 502 -1 -1 -1
477 503 478 -1 -1 -1
477 502 503 -1 -1 -1
478 504 479 -1 -1 -1
478 503 504 -1 -1 -1
479 505 480 -1 -1 -1
479 504 505 -1 -1 -1
480 506 481 -1 -1 -1
480 505 506 -1 -1 -1
481 507 482 -1 -1 -1
481 506 507 -1 -1 -1
482 508 483 -1 -1 -1
482 507 508 -1 -1 -1
483 509 484 -1 -1 -1
483 508 509 -1 -1 -1
484 510 485 -1 -1 -1
484 509 510 -1 -1 -1
485 511 486 -1 -1 -1
485 510 511 -1 -1 -1
486 512 487 -1 -1 -1
486 511 512 -1 -1 -1
487 513 488 -1 -1 -1
487 512 513 -1 -1 -1
488 514 489 -1 -1 -1
488 513 514 -1 -1 -1
489 515 490 -1 -1 -1
489 514 515 -1 -1 -1
490 516 491 -1 -1 -1
490 515 516 -1 -1 -1
491 517 492 -1 -1 -1
491 516 517 -1 -1 -1
492 518 493 -1 -1 -1
492 517 518 -1 -1 -1
493 519 494 -1 -1 -1
493 518 519 -1 -1 -1
494 520 495 -1 -1 -1
494 519 520 -1 -1 -1
495 521 496 -1 -1 -1
495 520 521 -1 -1 -1
496 522 497 -1 -1 -1
496 521 522 -1 -1 -1
497 523 498 -1 -1 -1
497 522 523 -1 -1 -1
500 526 501 -1 -1 -1
500 525 526 -1 -1 -1
501 527 502 -1 -1 -1
501 526 527 -1 -1 -1
502 528 503 -1 -1 -1
502 527 528 -1 -1 -1
503 529 504 -1 -1 -1
503 528 529 -1 -1 -1
504 530 505 -1 -1 -1
504 529 530 -1 -1 -1
505 531 506 -1 -1 -1
505 530 531 -1 -1 -1
506 532 507 -1 -1 -1
506 531 532 -1 -1 -1
507 533 508 -1 -1 -1
507 532 533 -1 -1 -1
508 534 509 -1 -1 -1
508 533 534 -1 -1 -1
509 535 510 -1 -1 -1
509 534 535 -1 -1 -1
510 536 511 -1 -1 -1
510 535 536 -1 -1 -1
511 537 512 -1 -1 -1
511 536 537 -1 -1 -1
512 538 513 -1 -1 -1
512 537 538 -1 -1 -1
513 539 514 -1 -1 -1
513 538 539 -1 -1 -1
514 540 515 -1 -1 -1
514 539 540 -1 -1 -1
515 541 516 -1 -1 -1
515 540 541 -1 -1 -1
516 542 517 -1 -1 -1
516 541 542 -1 -1 -1
517 543 518 -1 -1 -1
517 542 543 -1 -1 -1
518 544 519 -1 -1 -1
518 543 544 -1 -1 -1
519 545 520 -1 -1 -1
519 544 545 -1 -1 -1
520 546 521 -1 -1 -1
520 545 546 -1 -1 -1
521 547 522 -1 -1 -1
521 546 547 -1 -1 -1
522 548 523 -1 -1 -1
522 547 548 -1 -1 -1
525 551 526 -1 -1 -1
525 550 551 -1 -1 -1
526 552 527 -1 -1 -1
526 551 552 -1 -1 -1
527 553 528 -1 -1 -1
527 552 553 -1 -1 -1
528 554 529 -1 -1 -1
528 553 554 -1 -1 -1
529 555 530 -1 -1 -1
529 554 555 -1 -1 -1
530 556 531 -1 -1 -1
530 555 556 -1 -1 -1
531 557 532 -1 -1 -1
531 556 557 -1 -1 -1
532 558 533 -1 -1 -1
532 557 558 -1 -1 -1
533 559 534 -1 -1 -1
533 558 559 -1 -1 -1
534 560 535 -1 -1 -1
534 559 560 -1 -1 -1
535 561 536 -1 -1 -1
535 560 561 -1 -1 -1
536 562 537 -1 -1 -1
536 561 562 -1 -1 -1
537 563 538 -1 -1 -1
537 562 563 -1 -1 -1
538 564 539 -1 -1 -1
538 563 564 -1 -1 -1
539 565 540 -1 -1 -1
539 564 565 -1 -1 -1
540 566 541 -1 -1 -1
540 565 566 -1 -1 -1
541 567 542 -1 -1 -1
541 566 567 -1 -1 -1
542 568 543 -1 -1 -1
542 567 568 -1 -1 -1
543 569 544 -1 -1 -1
543 568 569 -1 -1 -1
544 570 545 -1 -1 -1
544 569 570 -1 -1 -1
545 571 546 -1 -1 -1
545 570 571 -1 -1 -1
546 572 547 -1 -1 -1
546 571 572 -1 -1 -1
547 573 548 -1 -1 -1
547 572 573 -1 -1 -1
550 576 551 -1 -1 -1
550 575 576 -1 -1 -1
551 577 552 -1 -1 -1
551 576 577 -1 -1 -1
552 578 553 -1 -1 -1
552 577 578 -1 -1 -1
553 579 554 -1 -1 -1
553 578 579 -1 -1 -1
554 580 555 -1 -1 -1
554 579 580 -1 -1 -1
555 581 556 -1 -1 -1
555 580 581 -1 -1 -1
556 582 557 -1 -1 -1
556 581 582 -1 -1 -1
557 583 558 -1 -1 -1
557 582 583 -1 -1 -1
558 584 559 -1 -1 -1
558 583 584 -1 -1 -1
559 585 560 -1 -1 -1
559 584 585 -1 -1 -1
560 586 561 -1 -1 -1
560 585 586 -1 -1 -1
561 587 562 -1 -1 -1
561 586 587 -1 -1 -1
562 588 563 -1 -1 -1
562 587 588 -1 -1 -1
563 589 564 -1 -1 -1
563 588 589 -1 -1 -1
564 590 565 -1 -1 -1
564 589 590 -1 -1 -1
565 591 566 -1 -1 -1
565 590 591 -1 -1 -1
566 592 567 -1 -1 -1
566 591 592 -1 -1 -1
567 593 568 -1 -1 -1
567 592 593 -1 -1 -1
568 594 569 -1 -1 -1
568 593 594 -1 -1 -1
569 595 570 -1 -1 -1
569 594 595 -1 -1 -1
570 596 571 -1 -1 -1
570 595 596 -1 -1 -1
571 597 572 -1 -1 -1
571 596 597 -1 -1 -1
572 598 573 -1 -1 -1
572 597 598 -1 -1 -1