625
-384.000000 43.493675 -204.240005
-352.000000 40.696190 -204.240005
-320.000000 37.962349 -204.240005
-288.000000 35.306938 -204.240005
-256.000000 32.749046 -204.240005
-224.000000 30.313360 -204.240005
-192.000000 64.399734 -204.240005
-160.000000 62.118126 -204.240005
-128.000000 24.103523 -204.240005
-96.000000 22.567671 -204.240005
-64.000000 21.403267 -204.240005
-32.000000 20.673166 -204.240005
0.000000 20.424000 -204.240005
32.000000 20.673166 -204.240005
64.000000 21.403267 -204.240005
96.000000 22.567671 -204.240005
128.000000 24.103523 -204.240005
160.000000 25.944941 -204.240005
192.000000 28.031765 -204.240005
224.000000 30.313360 -204.240005
256.000000 32.749046 -204.240005
288.000000 35.306938 -204.240005
320.000000 37.962349 -204.240005
352.000000 40.696190 -204.240005
384.000000 43.493675 -204.240005
-384.000000 42.720879 -187.220001
-352.000000 39.869202 -187.220001
-320.000000 37.074429 -187.220001
-288.000000 34.350449 -187.220001
-256.000000 31.715506 -187.220001
-224.000000 63.775040 -187.220001
-192.000000 61.404182 -187.220001
-160.000000 59.399155 -187.220001
-128.000000 58.338654 -187.220001
-96.000000 21.039803 -187.220001
-64.000000 19.785685 -187.220001
-32.000000 18.993505 -187.220001
0.000000 18.722000 -187.220001
32.000000 18.993505 -187.220001
64.000000 19.785685 -187.220001
96.000000 21.039803 -187.220001
128.000000 22.679358 -187.220001
160.000000 24.627491 -187.220001
192.000000 26.817036 -187.220001
224.000000 29.193720 -187.220001
256.000000 31.715506 -187.220001
288.000000 34.350449 -187.220001
320.000000 37.074429 -187.220001
352.000000 39.869202 -187.220001
384.000000 42.720879 -187.220001
-384.000000 42.002861 -170.200012
-352.000000 39.098854 -170.200012
-320.000000 36.244728 -170.200012
-288.000000 33.453259 -170.200012
-256.000000 30.741510 -170.200012
-224.000000 62.070488 -170.200012
-192.000000 58.248550 -170.200012
-160.000000 56.854828 -170.200012
-128.000000 56.003170 -170.200012
-96.000000 49.847290 -170.200012
-64.000000 18.183521 -170.200012
-32.000000 17.318211 -170.200012
0.000000 17.020000 -170.200012
32.000000 17.318211 -170.200012
64.000000 18.183521 -170.200012
96.000000 19.540739 -170.200012
128.000000 21.296021 -170.200012
160.000000 23.359806 -170.200012
192.000000 25.657757 -170.200012
224.000000 28.132553 -170.200012
256.000000 30.741510 -170.200012
288.000000 33.453259 -170.200012
320.000000 36.244728 -170.200012
352.000000 39.098854 -170.200012
384.000000 42.002861 -170.200012
-384.000000 41.342487 -153.180008
-352.000000 38.388554 -153.180008
-320.000000 35.477333 -153.180008
-288.000000 32.620258 -153.180008
-256.000000 61.377754 -153.180008
-224.000000 58.987385 -153.180008
-192.000000 54.969002 -153.180008
-160.000000 53.464180 -153.180008
-128.000000 52.625912 -153.180008
-96.000000 48.984943 -153.180008
-64.000000 16.601238 -153.180008
-32.000000 15.648679 -153.180008
0.000000 15.318001 -153.180008
32.000000 15.648679 -153.180008
64.000000 16.601238 -153.180008
96.000000 18.077642 -153.180008
128.000000 19.961994 -153.180008
160.000000 22.150421 -153.180008
192.000000 24.561783 -153.180008
224.000000 27.136713 -153.180008
256.000000 29.832890 -153.180008
288.000000 32.620258 -153.180008
320.000000 35.477333 -153.180008
352.000000 38.388554 -153.180008
384.000000 41.342487 -153.180008
-384.000000 40.742550 -136.160004
-352.000000 37.741692 -136.160004
-320.000000 34.776363 -136.160004
-288.000000 53.805481 -136.160004
-256.000000 56.584297 -136.160004
-224.000000 53.125145 -136.160004
-192.000000 51.392174 -136.160004
-160.000000 48.471970 -136.160004
-128.000000 47.892002 -136.160004
-96.000000 43.448349 -136.160004
-64.000000 42.502022 -136.160004
-32.000000 13.986975 -136.160004
0.000000 13.616000 -136.160004
32.000000 13.986975 -136.160004
64.000000 15.045115 -136.160004
96.000000 16.659996 -136.160004
128.000000 18.687843 -136.160004
160.000000 21.009413 -136.160004
192.000000 23.537958 -136.160004
224.000000 26.213650 -136.160004
256.000000 28.995783 -136.160004
288.000000 31.856482 -136.160004
320.000000 34.776363 -136.160004
352.000000 37.741692 -136.160004
384.000000 40.742550 -136.160004
-384.000000 40.205765 -119.139999
-352.000000 37.161583 -119.139999
-320.000000 34.145912 -119.139999
-288.000000 57.931129 -119.139999
-256.000000 53.072609 -119.139999
-224.000000 48.718769 -119.139999
-192.000000 46.154266 -119.139999
-160.000000 44.171558 -119.139999
-128.000000 40.940666 -119.139999
-96.000000 39.200745 -119.139999
-64.000000 36.679390 -119.139999
-32.000000 34.432377 -119.139999
0.000000 11.914000 -119.139999
32.000000 12.336264 -119.139999
64.000000 13.524178 -119.139999
96.000000 15.300438 -119.139999
128.000000 17.486664 -119.139999
160.000000 19.948519 -119.139999
192.000000 22.596092 -119.139999
224.000000 25.371311 -119.139999
256.000000 28.236563 -119.139999
288.000000 31.167027 -119.139999
320.000000 34.145912 -119.139999
352.000000 37.161583 -119.139999
384.000000 40.205765 -119.139999
-384.000000 39.734684 -102.120003
-352.000000 36.651398 -102.120003
-320.000000 58.286812 -102.120003
-288.000000 55.946606 -102.120003
-256.000000 49.765274 -102.120003
-224.000000 45.604805 -102.120003
-192.000000 41.111244 -102.120003
-160.000000 39.324898 -102.120003
-128.000000 35.875454 -102.120003
-96.000000 33.409485 -102.120003
-64.000000 33.837646 -102.120003
-32.000000 29.996037 -102.120003
0.000000 29.511477 -102.120003
32.000000 10.701633 -102.120003
64.000000 12.051762 -102.120003
96.000000 14.015882 -102.120003
128.000000 16.374523 -102.120003
160.000000 18.981174 -102.120003
192.000000 21.746838 -102.120003
224.000000 24.617981 -102.120003
256.000000 27.561657 -102.120003
288.000000 30.556911 -102.120003
320.000000 33.589954 -102.120003
352.000000 36.651398 -102.120003
384.000000 39.734684 -102.120003
-384.000000 39.331669 -85.100006
-352.000000 36.214088 -85.100006
-320.000000 55.911537 -85.100006
-288.000000 52.086929 -85.100006
-256.000000 46.375095 -85.100006
-224.000000 42.648884 -85.100006
-192.000000 37.937378 -85.100006
-160.000000 35.048622 -85.100006
-128.000000 30.836660 -85.100006
-96.000000 30.508499 -85.100006
-64.000000 27.607849 -85.100006
-32.000000 25.988068 -85.100006
0.000000 26.953667 -85.100006
32.000000 9.091761 -85.100006
64.000000 10.648010 -85.100006
96.000000 12.828878 -85.100006
128.000000 15.370755 -85.100006
160.000000 18.122364 -85.100006
192.000000 21.001431 -85.100006
224.000000 23.962055 -85.100006
256.000000 26.977398 -85.100006
288.000000 30.030985 -85.100006
320.000000 33.112236 -85.100006
352.000000 36.214088 -85.100006
384.000000 39.331669 -85.100006
-384.000000 38.998833 -68.080002
-352.000000 54.771130 -68.080002
-320.000000 52.890297 -68.080002
-288.000000 48.293304 -68.080002
-256.000000 43.381477 -68.080002
-224.000000 38.730705 -68.080002
-192.000000 34.541565 -68.080002
-160.000000 30.744514 -68.080002
-128.000000 27.522575 -68.080002
-96.000000 27.137327 -68.080002
-64.000000 26.693970 -68.080002
-32.000000 22.247663 -68.080002
0.000000 22.166294 -68.080002
32.000000 22.485682 -68.080002
64.000000 9.343922 -68.080002
96.000000 11.768979 -68.080002
128.000000 14.497891 -68.080002
160.000000 17.388182 -68.080002
192.000000 20.371275 -68.080002
224.000000 23.411724 -68.080002
256.000000 26.489788 -68.080002
288.000000 29.593731 -68.080002
320.000000 32.716187 -68.080002
352.000000 35.852318 -68.080002
384.000000 38.998833 -68.080002
-384.000000 38.737984 -51.059998
-352.000000 52.395786 -51.059998
-320.000000 49.833103 -51.059998
-288.000000 43.748592 -51.059998
-256.000000 40.272354 -51.059998
-224.000000 35.876659 -51.059998
-192.000000 31.929539 -51.059998
-160.000000 28.669310 -51.059998
-128.000000 25.410896 -51.059998
-96.000000 25.033646 -51.059998
-64.000000 24.136345 -51.059998
-32.000000 18.634880 -51.059998
0.000000 17.179482 -51.059998
32.000000 18.520706 -51.059998
64.000000 20.195961 -51.059998
96.000000 10.873419 -51.059998
128.000000 13.780828 -51.059998
160.000000 16.794977 -51.059998
192.000000 19.867342 -51.059998
224.000000 22.974579 -51.059998
256.000000 26.104239 -51.059998
288.000000 29.249125 -51.059998
320.000000 32.404804 -51.059998
352.000000 35.568401 -51.059998
384.000000 38.737984 -51.059998
-384.000000 49.450661 -34.039993
-352.000000 48.998779 -34.039993
-320.000000 44.943378 -34.039993
-288.000000 39.642914 -34.039993
-256.000000 36.549339 -34.039993
-224.000000 33.375927 -34.039993
-192.000000 32.797451 -34.039993
-160.000000 26.432587 -34.039993
-128.000000 23.135208 -34.039993
-96.000000 20.387892 -34.039993
-64.000000 19.168367 -34.039993
-32.000000 16.609011 -34.039993
0.000000 13.092261 -34.039993
32.000000 14.004001 -34.039993
64.000000 17.399706 -34.039993
96.000000 19.937603 -34.039993
128.000000 13.244893 -34.039993
160.000000 16.358093 -34.039993
192.000000 19.499416 -34.039993
224.000000 22.657167 -34.039993
256.000000 25.825321 -34.039993
288.000000 29.000469 -34.039993
320.000000 32.180542 -34.039993
352.000000 35.364208 -34.039993
384.000000 38.550579 -34.039993
-384.000000 47.355873 -17.020004
-352.000000 45.654358 -17.020004
-320.000000 40.603168 -17.020004
-288.000000 35.638084 -17.020004
-256.000000 35.494877 -17.020004
-224.000000 31.105946 -17.020004
-192.000000 30.247467 -17.020004
-160.000000 24.556767 -17.020004
-128.000000 21.236948 -17.020004
-96.000000 17.846443 -17.020004
-64.000000 17.557518 -17.020004
-32.000000 16.051220 -17.020004
0.000000 9.499218 -17.020004
32.000000 11.142595 -17.020004
64.000000 13.554235 -17.020004
96.000000 16.651880 -17.020004
128.000000 17.662659 -17.020004
160.000000 16.090271 -17.020004
192.000000 19.275290 -17.020004
224.000000 22.464567 -17.020004
256.000000 25.656515 -17.020004
288.000000 28.850246 -17.020004
320.000000 32.045231 -17.020004
352.000000 35.241123 -17.020004
384.000000 38.437702 -17.020004
-384.000000 43.272972 0.000000
-352.000000 40.700134 0.000000
-320.000000 36.470695 0.000000
-288.000000 32.982555 0.000000
-256.000000 29.687790 0.000000
-224.000000 27.574471 0.000000
-192.000000 26.347872 0.000000
-160.000000 22.403393 0.000000
-128.000000 19.114325 0.000000
-96.000000 14.740478 0.000000
-64.000000 13.400752 0.000000
-32.000000 9.691093 0.000000
0.000000 6.227670 0.000000
32.000000 10.374919 0.000000
64.000000 10.975309 0.000000
96.000000 16.489498 0.000000
128.000000 20.126535 0.000000
160.000000 16.000000 0.000000
192.000000 19.200001 0.000000
224.000000 22.400000 0.000000
256.000000 25.600000 0.000000
288.000000 28.799999 0.000000
320.000000 32.000000 0.000000
352.000000 35.200001 0.000000
384.000000 38.400002 0.000000
-384.000000 39.408131 17.020004
-352.000000 37.333866 17.020004
-320.000000 34.548859 17.020004
-288.000000 31.315247 17.020004
-256.000000 28.164543 17.020004
-224.000000 25.397829 17.020004
-192.000000 23.283049 17.020004
-160.000000 19.849882 17.020004
-128.000000 16.863487 17.020004
-96.000000 12.827091 17.020004
-64.000000 11.241337 17.020004
-32.000000 8.061047 17.020004
0.000000 6.640658 17.020004
32.000000 7.433426 17.020004
64.000000 8.845131 17.020004
96.000000 13.795818 17.020004
128.000000 21.236486 17.020004
160.000000 23.031796 17.020004
192.000000 19.275290 17.020004
224.000000 22.464567 17.020004
256.000000 25.656515 17.020004
288.000000 28.850246 17.020004
320.000000 32.045231 17.020004
352.000000 35.241123 17.020004
384.000000 38.437702 17.020004
-384.000000 39.196236 34.039993
-352.000000 36.485630 34.039993
-320.000000 33.801495 34.039993
-288.000000 30.763155 34.039993
-256.000000 27.650291 34.039993
-224.000000 24.663452 34.039993
-192.000000 22.042858 34.039993
-160.000000 19.468859 34.039993
-128.000000 16.155117 34.039993
-96.000000 11.299839 34.039993
-64.000000 8.728089 34.039993
-32.000000 5.762185 34.039993
0.000000 5.381173 34.039993
32.000000 3.559266 34.039993
64.000000 7.529996 34.039993
96.000000 12.430933 34.039993
128.000000 18.870041 34.039993
160.000000 24.006639 34.039993
192.000000 27.005022 34.039993
224.000000 22.657167 34.039993
256.000000 25.825321 34.039993
288.000000 29.000469 34.039993
320.000000 32.180542 34.039993
352.000000 35.364208 34.039993
384.000000 38.550579 34.039993
-384.000000 38.284149 51.059998
-352.000000 38.306755 51.059998
-320.000000 34.301579 51.059998
-288.000000 30.888863 51.059998
-256.000000 27.845263 51.059998
-224.000000 24.903555 51.059998
-192.000000 22.915556 51.059998
-160.000000 21.610271 51.059998
-128.000000 19.099995 51.059998
-96.000000 11.667028 51.059998
-64.000000 9.541511 51.059998
-32.000000 5.231050 51.059998
0.000000 1.408338 51.059998
32.000000 2.583452 51.059998
64.000000 13.055305 51.059998
96.000000 12.539851 51.059998
128.000000 16.237677 51.059998
160.000000 23.789831 51.059998
192.000000 27.299232 51.059998
224.000000 24.986576 51.059998
256.000000 26.104239 51.059998
288.000000 29.249125 51.059998
320.000000 32.404804 51.059998
352.000000 35.568401 51.059998
384.000000 38.737984 51.059998
-384.000000 38.995251 68.080002
-352.000000 36.917370 68.080002
-320.000000 35.992420 68.080002
-288.000000 31.887096 68.080002
-256.000000 30.150303 68.080002
-224.000000 28.121155 68.080002
-192.000000 28.130943 68.080002
-160.000000 28.509483 68.080002
-128.000000 22.730965 68.080002
-96.000000 12.955211 68.080002
-64.000000 7.684136 68.080002
-32.000000 4.549692 68.080002
0.000000 3.507842 68.080002
32.000000 7.337051 68.080002
64.000000 11.468118 68.080002
96.000000 8.361701 68.080002
128.000000 18.318798 68.080002
160.000000 23.801075 68.080002
192.000000 26.520964 68.080002
224.000000 28.688061 68.080002
256.000000 26.489788 68.080002
288.000000 29.593731 68.080002
320.000000 32.716187 68.080002
352.000000 35.852318 68.080002
384.000000 38.998833 68.080002
-384.000000 39.785927 85.099991
-352.000000 38.053013 85.099991
-320.000000 35.295227 85.099991
-288.000000 34.941090 85.099991
-256.000000 33.976463 85.099991
-224.000000 34.210728 85.099991
-192.000000 33.291950 85.099991
-160.000000 32.752636 85.099991
-128.000000 27.165068 85.099991
-96.000000 15.126885 85.099991
-64.000000 10.350419 85.099991
-32.000000 6.016652 85.099991
0.000000 4.478318 85.099991
32.000000 7.629321 85.099991
64.000000 6.418860 85.099991
96.000000 11.585051 85.099991
128.000000 15.701073 85.099991
160.000000 23.228327 85.099991
192.000000 22.938198 85.099991
224.000000 28.791842 85.099991
256.000000 33.039413 85.099991
288.000000 30.030985 85.099991
320.000000 33.112236 85.099991
352.000000 36.214088 85.099991
384.000000 39.331669 85.099991
-384.000000 39.497955 102.120010
-352.000000 38.420132 102.120010
-320.000000 35.664886 102.120010
-288.000000 33.624554 102.120010
-256.000000 36.356262 102.120010
-224.000000 36.778732 102.120010
-192.000000 36.172531 102.120010
-160.000000 38.191013 102.120010
-128.000000 29.400185 102.120010
-96.000000 19.457087 102.120010
-64.000000 13.749602 102.120010
-32.000000 11.482868 102.120010
0.000000 10.808640 102.120010
32.000000 6.757587 102.120010
64.000000 8.949257 102.120010
96.000000 8.449917 102.120010
128.000000 15.163593 102.120010
160.000000 17.768311 102.120010
192.000000 23.542395 102.120010
224.000000 28.232637 102.120010
256.000000 33.352520 102.120010
288.000000 33.911728 102.120010
320.000000 33.589954 102.120010
352.000000 36.651398 102.120010
384.000000 39.734684 102.120010
-384.000000 41.326637 119.139999
-352.000000 39.678818 119.139999
-320.000000 34.831375 119.139999
-288.000000 32.863174 119.139999
-256.000000 40.727585 119.139999
-224.000000 38.408043 119.139999
-192.000000 33.217552 119.139999
-160.000000 37.029598 119.139999
-128.000000 30.291870 119.139999
-96.000000 20.018812 119.139999
-64.000000 15.906030 119.139999
-32.000000 16.387251 119.139999
0.000000 19.018101 119.139999
32.000000 10.702350 119.139999
64.000000 7.855544 119.139999
96.000000 4.929454 119.139999
128.000000 10.389685 119.139999
160.000000 14.695635 119.139999
192.000000 25.399330 119.139999
224.000000 31.267492 119.139999
256.000000 32.082424 119.139999
288.000000 32.613586 119.139999
320.000000 34.307610 119.139999
352.000000 37.161583 119.139999
384.000000 40.205765 119.139999
-384.000000 40.323463 136.160019
-352.000000 37.320900 136.160019
-320.000000 33.133949 136.160019
-288.000000 32.387737 136.160019
-256.000000 39.572285 136.160019
-224.000000 38.581955 136.160019
-192.000000 33.486118 136.160019
-160.000000 33.985523 136.160019
-128.000000 25.477283 136.160019
-96.000000 21.000753 136.160019
-64.000000 16.249191 136.160019
-32.000000 17.178488 136.160019
0.000000 24.662029 136.160019
32.000000 14.194046 136.160019
64.000000 8.280979 136.160019
96.000000 6.363705 136.160019
128.000000 7.625417 136.160019
160.000000 17.993406 136.160019
192.000000 23.082096 136.160019
224.000000 28.125999 136.160019
256.000000 33.326160 136.160019
288.000000 32.331448 136.160019
320.000000 33.334862 136.160019
352.000000 33.979225 136.160019
384.000000 40.742550 136.160019
-384.000000 40.438969 153.180008
-352.000000 36.586292 153.180008
-320.000000 29.230526 153.180008
-288.000000 28.228191 153.180008
-256.000000 34.815025 153.180008
-224.000000 34.213577 153.180008
-192.000000 30.325796 153.180008
-160.000000 29.952282 153.180008
-128.000000 24.340456 153.180008
-96.000000 20.061907 153.180008
-64.000000 17.576918 153.180008
-32.000000 20.057480 153.180008
0.000000 25.810097 153.180008
32.000000 16.092337 153.180008
64.000000 11.512045 153.180008
96.000000 6.854923 153.180008
128.000000 14.184935 153.180008
160.000000 16.554832 153.180008
192.000000 22.196865 153.180008
224.000000 26.863953 153.180008
256.000000 37.974777 153.180008
288.000000 36.208920 153.180008
320.000000 34.641510 153.180008
352.000000 35.240719 153.180008
384.000000 32.666527 153.180008
-384.000000 36.481190 170.199997
-352.000000 31.399792 170.199997
-320.000000 26.202646 170.199997
-288.000000 25.891361 170.199997
-256.000000 31.626812 170.199997
-224.000000 32.370392 170.199997
-192.000000 29.695509 170.199997
-160.000000 26.864674 170.199997
-128.000000 23.242275 170.199997
-96.000000 19.076351 170.199997
-64.000000 18.177414 170.199997
-32.000000 20.034128 170.199997
0.000000 22.337629 170.199997
32.000000 16.326447 170.199997
64.000000 11.971233 170.199997
96.000000 10.111393 170.199997
128.000000 14.764725 170.199997
160.000000 17.291012 170.199997
192.000000 23.071981 170.199997
224.000000 27.809338 170.199997
256.000000 35.938034 170.199997
288.000000 37.958374 170.199997
320.000000 35.278786 170.199997
352.000000 37.376312 170.199997
384.000000 33.398129 170.199997
-384.000000 35.311943 187.220016
-352.000000 30.788303 187.220016
-320.000000 24.250504 187.220016
-288.000000 23.350082 187.220016
-256.000000 27.049931 187.220016
-224.000000 29.178379 187.220016
-192.000000 28.238955 187.220016
-160.000000 26.074261 187.220016
-128.000000 23.150618 187.220016
-96.000000 19.815357 187.220016
-64.000000 20.125668 187.220016
-32.000000 22.375319 187.220016
0.000000 21.744120 187.220016
32.000000 17.665909 187.220016
64.000000 11.561603 187.220016
96.000000 10.208450 187.220016
128.000000 14.890340 187.220016
160.000000 18.533501 187.220016
192.000000 24.665117 187.220016
224.000000 28.625853 187.220016
256.000000 30.966894 187.220016
288.000000 34.243069 187.220016
320.000000 37.415047 187.220016
352.000000 36.241795 187.220016
384.000000 32.690086 187.220016
-384.000000 34.061584 204.240005
-352.000000 27.643148 204.240005
-320.000000 23.342113 204.240005
-288.000000 22.136984 204.240005
-256.000000 25.913406 204.240005
-224.000000 29.589447 204.240005
-192.000000 25.965622 204.240005
-160.000000 25.421566 204.240005
-128.000000 24.167198 204.240005
-96.000000 21.449238 204.240005
-64.000000 20.380518 204.240005
-32.000000 22.453358 204.240005
0.000000 24.755505 204.240005
32.000000 18.430235 204.240005
64.000000 12.887964 204.240005
96.000000 10.678657 204.240005
128.000000 14.884502 204.240005
160.000000 19.774727 204.240005
192.000000 24.322245 204.240005
224.000000 30.448372 204.240005
256.000000 33.177502 204.240005
288.000000 31.644907 204.240005
320.000000 39.363434 204.240005
352.000000 43.675610 204.240005
384.000000 34.433884 204.240005