625
-384.000000 -9.598237 -288.000000
-352.000000 -9.501372 -288.000000
-320.000000 -9.872087 -288.000000
-288.000000 -10.102971 -288.000000
-256.000000 -9.952201 -288.000000
-224.000000 -17.095839 -288.000000
-192.000000 -18.890167 -288.000000
-160.000000 -18.887844 -288.000000
-128.000000 -14.573195 -288.000000
-96.000000 -0.171940 -288.000000
-64.000000 7.016949 -288.000000
-32.000000 2.888268 -288.000000
0.000000 11.722979 -288.000000
32.000000 14.827881 -288.000000
64.000000 14.248164 -288.000000
96.000000 4.723360 -288.000000
128.000000 -1.075430 -288.000000
160.000000 5.777841 -288.000000
192.000000 0.007475 -288.000000
224.000000 -0.024004 -288.000000
256.000000 -1.224142 -288.000000
288.000000 2.850920 -288.000000
320.000000 8.441959 -288.000000
352.000000 4.544520 -288.000000
384.000000 2.473804 -288.000000
-384.000000 -10.523717 -264.000000
-352.000000 -10.879491 -264.000000
-320.000000 -10.501570 -264.000000
-288.000000 -9.987617 -264.000000
-256.000000 -13.381883 -264.000000
-224.000000 -18.879786 -264.000000
-192.000000 -18.887951 -264.000000
-160.000000 -18.887003 -264.000000
-128.000000 -8.140010 -264.000000
-96.000000 -4.652781 -264.000000
-64.000000 1.079522 -264.000000
-32.000000 13.760346 -264.000000
0.000000 4.938356 -264.000000
32.000000 8.829106 -264.000000
64.000000 6.196965 -264.000000
96.000000 5.976916 -264.000000
128.000000 9.534569 -264.000000
160.000000 12.406282 -264.000000
192.000000 15.527260 -264.000000
224.000000 6.072232 -264.000000
256.000000 -1.746707 -264.000000
288.000000 -0.828990 -264.000000
320.000000 -0.609375 -264.000000
352.000000 -0.943108 -264.000000
384.000000 -2.858393 -264.000000
-384.000000 -6.982466 -240.000000
-352.000000 -9.212048 -240.000000
-320.000000 -10.575128 -240.000000
-288.000000 -11.175913 -240.000000
-256.000000 -18.001930 -240.000000
-224.000000 -18.890942 -240.000000
-192.000000 -18.891508 -240.000000
-160.000000 -16.580065 -240.000000
-128.000000 -7.589864 -240.000000
-96.000000 -1.925719 -240.000000
-64.000000 -5.589133 -240.000000
-32.000000 7.803958 -240.000000
0.000000 -3.221194 -240.000000
32.000000 2.663393 -240.000000
64.000000 5.089554 -240.000000
96.000000 -0.762672 -240.000000
128.000000 14.638914 -240.000000
160.000000 4.288552 -240.000000
192.000000 4.612619 -240.000000
224.000000 1.214210 -240.000000
256.000000 7.308132 -240.000000
288.000000 0.022221 -240.000000
320.000000 -2.757659 -240.000000
352.000000 -2.101131 -240.000000
384.000000 -0.335120 -240.000000
-384.000000 -2.458230 -216.000000
-352.000000 -10.517706 -216.000000
-320.000000 -11.039948 -216.000000
-288.000000 -14.960444 -216.000000
-256.000000 -18.895782 -216.000000
-224.000000 -18.895714 -216.000000
-192.000000 -18.894678 -216.000000
-160.000000 -9.108762 -216.000000
-128.000000 -3.734270 -216.000000
-96.000000 -4.724282 -216.000000
-64.000000 1.282850 -216.000000
-32.000000 2.884880 -216.000000
0.000000 -2.675053 -216.000000
32.000000 -3.426141 -216.000000
64.000000 -1.076926 -216.000000
96.000000 5.123847 -216.000000
128.000000 -0.176440 -216.000000
160.000000 4.885556 -216.000000
192.000000 0.147900 -216.000000
224.000000 6.602085 -216.000000
256.000000 2.742063 -216.000000
288.000000 3.077582 -216.000000
320.000000 -3.200302 -216.000000
352.000000 8.195626 -216.000000
384.000000 -2.784724 -216.000000
-384.000000 -5.704953 -192.000000
-352.000000 -10.904815 -192.000000
-320.000000 -13.040748 -192.000000
-288.000000 -18.842527 -192.000000
-256.000000 -18.901464 -192.000000
-224.000000 -18.900232 -192.000000
-192.000000 -14.235565 -192.000000
-160.000000 -3.670452 -192.000000
-128.000000 -4.135051 -192.000000
-96.000000 -3.481795 -192.000000
-64.000000 -4.745592 -192.000000
-32.000000 -3.707409 -192.000000
0.000000 -3.232907 -192.000000
32.000000 -4.248568 -192.000000
64.000000 -4.114280 -192.000000
96.000000 -3.488628 -192.000000
128.000000 -4.079690 -192.000000
160.000000 -4.150417 -192.000000
192.000000 -3.000637 -192.000000
224.000000 8.204895 -192.000000
256.000000 0.698814 -192.000000
288.000000 -2.064529 -192.000000
320.000000 12.270457 -192.000000
352.000000 19.117344 -192.000000
384.000000 5.847557 -192.000000
-384.000000 -10.970391 -168.000000
-352.000000 -11.311959 -168.000000
-320.000000 -14.552600 -168.000000
-288.000000 -18.902431 -168.000000
-256.000000 -18.902201 -168.000000
-224.000000 -18.895601 -168.000000
-192.000000 -8.311966 -168.000000
-160.000000 -3.558800 -168.000000
-128.000000 -4.769070 -168.000000
-96.000000 -2.719123 -168.000000
-64.000000 -3.227478 -168.000000
-32.000000 -5.349652 -168.000000
0.000000 -3.602215 -168.000000
32.000000 -5.483367 -168.000000
64.000000 -4.899349 -168.000000
96.000000 -4.696583 -168.000000
128.000000 -4.701261 -168.000000
160.000000 -2.065445 -168.000000
192.000000 -1.535999 -168.000000
224.000000 2.592973 -168.000000
256.000000 4.043762 -168.000000
288.000000 7.852516 -168.000000
320.000000 7.863052 -168.000000
352.000000 8.715674 -168.000000
384.000000 4.047727 -168.000000
-384.000000 -11.026449 -144.000000
-352.000000 -11.444142 -144.000000
-320.000000 -18.893549 -144.000000
-288.000000 -18.897800 -144.000000
-256.000000 -18.894154 -144.000000
-224.000000 -18.742620 -144.000000
-192.000000 -3.552842 -144.000000
-160.000000 -4.552754 -144.000000
-128.000000 -3.553904 -144.000000
-96.000000 -5.569951 -144.000000
-64.000000 -4.721673 -144.000000
-32.000000 -3.422153 -144.000000
0.000000 -4.008903 -144.000000
32.000000 -6.527528 -144.000000
64.000000 -5.815272 -144.000000
96.000000 -5.737939 -144.000000
128.000000 -5.384332 -144.000000
160.000000 0.014876 -144.000000
192.000000 -3.526758 -144.000000
224.000000 0.742625 -144.000000
256.000000 -4.721743 -144.000000
288.000000 14.707279 -144.000000
320.000000 1.911088 -144.000000
352.000000 1.377958 -144.000000
384.000000 1.834762 -144.000000
-384.000000 -11.317928 -120.000000
-352.000000 -14.611649 -120.000000
-320.000000 -18.900429 -120.000000
-288.000000 -18.895508 -120.000000
-256.000000 -18.887562 -120.000000
-224.000000 -14.751225 -120.000000
-192.000000 -4.366470 -120.000000
-160.000000 -5.378318 -120.000000
-128.000000 -4.540854 -120.000000
-96.000000 -5.148864 -120.000000
-64.000000 -4.881338 -120.000000
-32.000000 -5.392926 -120.000000
0.000000 -5.104098 -120.000000
32.000000 -5.545196 -120.000000
64.000000 -6.258960 -120.000000
96.000000 -6.757630 -120.000000
128.000000 -0.079462 -120.000000
160.000000 2.379542 -120.000000
192.000000 -1.494122 -120.000000
224.000000 -5.514793 -120.000000
256.000000 -4.155560 -120.000000
288.000000 0.038355 -120.000000
320.000000 2.565690 -120.000000
352.000000 1.696334 -120.000000
384.000000 2.996953 -120.000000
-384.000000 -11.613969 -96.000000
-352.000000 -18.901102 -96.000000
-320.000000 -18.903755 -96.000000
-288.000000 -18.891909 -96.000000
-256.000000 -18.888765 -96.000000
-224.000000 -11.834641 -96.000000
-192.000000 -6.140037 -96.000000
-160.000000 -5.461285 -96.000000
-128.000000 -5.439764 -96.000000
-96.000000 -5.545589 -96.000000
-64.000000 -5.781709 -96.000000
-32.000000 -5.162519 -96.000000
0.000000 -4.987954 -96.000000
32.000000 -4.877463 -96.000000
64.000000 -6.975157 -96.000000
96.000000 -6.690601 -96.000000
128.000000 -2.833928 -96.000000
160.000000 -1.506432 -96.000000
192.000000 -4.124259 -96.000000
224.000000 1.387270 -96.000000
256.000000 -1.959374 -96.000000
288.000000 3.305379 -96.000000
320.000000 3.720509 -96.000000
352.000000 4.301232 -96.000000
384.000000 -1.739730 -96.000000
-384.000000 -16.291338 -72.000000
-352.000000 -18.903921 -72.000000
-320.000000 -18.897568 -72.000000
-288.000000 -18.890863 -72.000000
-256.000000 -13.414579 -72.000000
-224.000000 -5.965429 -72.000000
-192.000000 -4.143460 -72.000000
-160.000000 -5.335146 -72.000000
-128.000000 -5.364761 -72.000000
-96.000000 -6.604327 -72.000000
-64.000000 -5.836634 -72.000000
-32.000000 -5.441749 -72.000000
0.000000 -5.866596 -72.000000
32.000000 -4.892394 -72.000000
64.000000 -5.065745 -72.000000
96.000000 -2.812456 -72.000000
128.000000 -0.140918 -72.000000
160.000000 -3.046573 -72.000000
192.000000 -3.695233 -72.000000
224.000000 -2.998619 -72.000000
256.000000 -2.249854 -72.000000
288.000000 1.613853 -72.000000
320.000000 1.078144 -72.000000
352.000000 3.247831 -72.000000
384.000000 -1.741508 -72.000000
-384.000000 -18.901035 -48.000000
-352.000000 -18.898558 -48.000000
-320.000000 -18.894381 -48.000000
-288.000000 -18.892288 -48.000000
-256.000000 -11.419479 -48.000000
-224.000000 -5.884725 -48.000000
-192.000000 -5.667319 -48.000000
-160.000000 -5.769835 -48.000000
-128.000000 -5.754792 -48.000000
-96.000000 -4.977738 -48.000000
-64.000000 -5.486145 -48.000000
-32.000000 -6.195555 -48.000000
0.000000 -4.902136 -48.000000
32.000000 -1.129801 -48.000000
64.000000 -2.178004 -48.000000
96.000000 -2.259049 -48.000000
128.000000 -3.153509 -48.000000
160.000000 -6.930115 -48.000000
192.000000 -0.742952 -48.000000
224.000000 0.002417 -48.000000
256.000000 -4.646821 -48.000000
288.000000 -5.228650 -48.000000
320.000000 -5.361449 -48.000000
352.000000 -3.557093 -48.000000
384.000000 -4.601552 -48.000000
-384.000000 -18.894726 -24.000000
-352.000000 -18.888435 -24.000000
-320.000000 -18.889957 -24.000000
-288.000000 -18.585491 -24.000000
-256.000000 -12.328947 -24.000000
-224.000000 -7.412388 -24.000000
-192.000000 -6.328137 -24.000000
-160.000000 -3.954021 -24.000000
-128.000000 -6.818491 -24.000000
-96.000000 -5.872384 -24.000000
-64.000000 -6.362795 -24.000000
-32.000000 -6.135072 -24.000000
0.000000 -4.958530 -24.000000
32.000000 -4.137158 -24.000000
64.000000 2.361461 -24.000000
96.000000 -5.364782 -24.000000
128.000000 -7.338245 -24.000000
160.000000 -4.014099 -24.000000
192.000000 3.149363 -24.000000
224.000000 -4.471956 -24.000000
256.000000 -5.584547 -24.000000
288.000000 -6.222589 -24.000000
320.000000 -5.035940 -24.000000
352.000000 -3.281186 -24.000000
384.000000 -5.856603 -24.000000
-384.000000 -18.875942 0.000000
-352.000000 -18.880037 0.000000
-320.000000 -18.876932 0.000000
-288.000000 -12.564342 0.000000
-256.000000 -9.643432 0.000000
-224.000000 -9.351534 0.000000
-192.000000 -6.984771 0.000000
-160.000000 -5.567024 0.000000
-128.000000 -4.692370 0.000000
-96.000000 -5.545896 0.000000
-64.000000 -6.444884 0.000000
-32.000000 -5.900847 0.000000
0.000000 -6.156309 0.000000
32.000000 -5.399608 0.000000
64.000000 -1.918928 0.000000
96.000000 -2.688183 0.000000
128.000000 -5.052996 0.000000
160.000000 -5.356776 0.000000
192.000000 0.159820 0.000000
224.000000 -3.308824 0.000000
256.000000 -4.899009 0.000000
288.000000 -6.320363 0.000000
320.000000 -5.559651 0.000000
352.000000 -8.309563 0.000000
384.000000 -8.423156 0.000000
-384.000000 -18.867132 24.000000
-352.000000 -18.871109 24.000000
-320.000000 -11.037587 24.000000
-288.000000 -10.758580 24.000000
-256.000000 -9.961397 24.000000
-224.000000 -9.390944 24.000000
-192.000000 -9.468685 24.000000
-160.000000 -7.757054 24.000000
-128.000000 -7.520694 24.000000
-96.000000 -5.558261 24.000000
-64.000000 -6.050560 24.000000
-32.000000 -5.435789 24.000000
0.000000 -6.853987 24.000000
32.000000 -3.974153 24.000000
64.000000 -1.107796 24.000000
96.000000 -2.536319 24.000000
128.000000 -6.113766 24.000000
160.000000 -2.571761 24.000000
192.000000 -4.351735 24.000000
224.000000 -2.598865 24.000000
256.000000 -5.820329 24.000000
288.000000 -8.084789 24.000000
320.000000 -10.988804 24.000000
352.000000 -15.073662 24.000000
384.000000 -4.328818 24.000000
-384.000000 -18.862986 48.000000
-352.000000 -15.625677 48.000000
-320.000000 -2.905278 48.000000
-288.000000 -7.526706 48.000000
-256.000000 -10.084190 48.000000
-224.000000 -4.506312 48.000000
-192.000000 -8.058864 48.000000
-160.000000 -8.911866 48.000000
-128.000000 -9.260623 48.000000
-96.000000 -7.935461 48.000000
-64.000000 -7.632968 48.000000
-32.000000 -7.821423 48.000000
0.000000 -4.967122 48.000000
32.000000 -5.945499 48.000000
64.000000 -2.753377 48.000000
96.000000 -8.028807 48.000000
128.000000 -8.236011 48.000000
160.000000 -5.854014 48.000000
192.000000 -2.797336 48.000000
224.000000 -9.418631 48.000000
256.000000 -14.394830 48.000000
288.000000 -14.218211 48.000000
320.000000 -18.752035 48.000000
352.000000 -18.778166 48.000000
384.000000 -4.432748 48.000000
-384.000000 -18.822346 72.000000
-352.000000 -9.301909 72.000000
-320.000000 -5.503473 72.000000
-288.000000 -8.700787 72.000000
-256.000000 -10.271633 72.000000
-224.000000 -8.907825 72.000000
-192.000000 -10.222431 72.000000
-160.000000 -9.864429 72.000000
-128.000000 -10.833212 72.000000
-96.000000 -8.066343 72.000000
-64.000000 -9.023217 72.000000
-32.000000 -5.129332 72.000000
0.000000 -9.254680 72.000000
32.000000 -8.192433 72.000000
64.000000 -1.780766 72.000000
96.000000 -8.874099 72.000000
128.000000 -7.377131 72.000000
160.000000 -8.210286 72.000000
192.000000 -5.641080 72.000000
224.000000 -17.795219 72.000000
256.000000 -18.793545 72.000000
288.000000 -18.783386 72.000000
320.000000 -18.803951 72.000000
352.000000 -18.801748 72.000000
384.000000 -4.636086 72.000000
-384.000000 -15.109534 96.000000
-352.000000 -4.055779 96.000000
-320.000000 -9.019983 96.000000
-288.000000 -9.947797 96.000000
-256.000000 -10.235207 96.000000
-224.000000 -9.848409 96.000000
-192.000000 -10.470119 96.000000
-160.000000 -10.105583 96.000000
-128.000000 -9.929950 96.000000
-96.000000 -4.530694 96.000000
-64.000000 -7.420473 96.000000
-32.000000 -8.050608 96.000000
0.000000 -10.962090 96.000000
32.000000 -6.020115 96.000000
64.000000 -9.080013 96.000000
96.000000 -7.087798 96.000000
128.000000 -13.276625 96.000000
160.000000 -18.808228 96.000000
192.000000 -18.815384 96.000000
224.000000 -18.799435 96.000000
256.000000 -18.798519 96.000000
288.000000 -18.809629 96.000000
320.000000 -18.814962 96.000000
352.000000 -18.472176 96.000000
384.000000 -5.296120 96.000000
-384.000000 -7.657705 120.000000
-352.000000 -10.137959 120.000000
-320.000000 -9.502287 120.000000
-288.000000 -8.246395 120.000000
-256.000000 -9.837242 120.000000
-224.000000 -10.175976 120.000000
-192.000000 -10.404336 120.000000
-160.000000 -10.764812 120.000000
-128.000000 -6.578301 120.000000
-96.000000 -9.059653 120.000000
-64.000000 -9.320189 120.000000
-32.000000 -5.527281 120.000000
0.000000 -10.235051 120.000000
32.000000 -13.523702 120.000000
64.000000 -17.118357 120.000000
96.000000 -18.796343 120.000000
128.000000 -18.808033 120.000000
160.000000 -18.815632 120.000000
192.000000 -18.808687 120.000000
224.000000 -18.812952 120.000000
256.000000 -18.815596 120.000000
288.000000 -18.825552 120.000000
320.000000 -18.827190 120.000000
352.000000 -15.414906 120.000000
384.000000 -6.627388 120.000000
-384.000000 -9.783846 144.000000
-352.000000 -11.018472 144.000000
-320.000000 -7.770846 144.000000
-288.000000 -6.475336 144.000000
-256.000000 -11.132608 144.000000
-224.000000 -9.879631 144.000000
-192.000000 -11.608186 144.000000
-160.000000 -9.939338 144.000000
-128.000000 -5.687066 144.000000
-96.000000 -8.613592 144.000000
-64.000000 -9.292719 144.000000
-32.000000 -4.927649 144.000000
0.000000 -10.844761 144.000000
32.000000 -18.115627 144.000000
64.000000 -18.803936 144.000000
96.000000 -18.813141 144.000000
128.000000 -18.817951 144.000000
160.000000 -18.822672 144.000000
192.000000 -18.822065 144.000000
224.000000 -18.824614 144.000000
256.000000 -18.823080 144.000000
288.000000 -18.803843 144.000000
320.000000 -18.277994 144.000000
352.000000 -13.192226 144.000000
384.000000 -8.290387 144.000000
-384.000000 -9.936208 168.000000
-352.000000 -8.203505 168.000000
-320.000000 -9.647326 168.000000
-288.000000 -9.850049 168.000000
-256.000000 -10.376983 168.000000
-224.000000 -10.241151 168.000000
-192.000000 -10.901527 168.000000
-160.000000 -10.004992 168.000000
-128.000000 -10.074429 168.000000
-96.000000 -9.895508 168.000000
-64.000000 -8.917541 168.000000
-32.000000 -10.683070 168.000000
0.000000 -18.225563 168.000000
32.000000 -18.816399 168.000000
64.000000 -18.822582 168.000000
96.000000 -18.826473 168.000000
128.000000 -18.824009 168.000000
160.000000 -18.822298 168.000000
192.000000 -18.828030 168.000000
224.000000 -17.380144 168.000000
256.000000 -15.165452 168.000000
288.000000 -12.572091 168.000000
320.000000 -14.096511 168.000000
352.000000 -10.607496 168.000000
384.000000 -10.463287 168.000000
-384.000000 -8.001866 192.000000
-352.000000 -9.261744 192.000000
-320.000000 -9.462272 192.000000
-288.000000 -10.233721 192.000000
-256.000000 -10.063300 192.000000
-224.000000 -8.590195 192.000000
-192.000000 -8.194707 192.000000
-160.000000 -10.921999 192.000000
-128.000000 -4.797369 192.000000
-96.000000 -8.607157 192.000000
-64.000000 -10.356513 192.000000
-32.000000 -16.996429 192.000000
0.000000 -18.823824 192.000000
32.000000 -18.827007 192.000000
64.000000 -18.830671 192.000000
96.000000 -18.830332 192.000000
128.000000 -18.825237 192.000000
160.000000 -18.675091 192.000000
192.000000 -16.603336 192.000000
224.000000 -12.105083 192.000000
256.000000 -8.836419 192.000000
288.000000 -5.233971 192.000000
320.000000 -8.132538 192.000000
352.000000 -5.958759 192.000000
384.000000 -6.256109 192.000000
-384.000000 -9.968927 216.000000
-352.000000 -7.561028 216.000000
-320.000000 -10.421593 216.000000
-288.000000 -10.842045 216.000000
-256.000000 -6.729575 216.000000
-224.000000 -7.378482 216.000000
-192.000000 -10.079914 216.000000
-160.000000 -11.120147 216.000000
-128.000000 -7.144915 216.000000
-96.000000 -6.579220 216.000000
-64.000000 -9.358713 216.000000
-32.000000 -18.826750 216.000000
0.000000 -18.830095 216.000000
32.000000 -18.833738 216.000000
64.000000 -18.833584 216.000000
96.000000 -18.823847 216.000000
128.000000 -18.822653 216.000000
160.000000 -13.603518 216.000000
192.000000 -9.121947 216.000000
224.000000 -3.005606 216.000000
256.000000 -3.044687 216.000000
288.000000 0.142395 216.000000
320.000000 -4.692268 216.000000
352.000000 -1.833810 216.000000
384.000000 1.689751 216.000000
-384.000000 -9.866089 240.000000
-352.000000 -7.283713 240.000000
-320.000000 -10.754963 240.000000
-288.000000 -9.193346 240.000000
-256.000000 -8.843962 240.000000
-224.000000 -10.371812 240.000000
-192.000000 -11.107973 240.000000
-160.000000 -7.325001 240.000000
-128.000000 -8.789767 240.000000
-96.000000 -9.190311 240.000000
-64.000000 -18.828939 240.000000
-32.000000 -18.828882 240.000000
0.000000 -18.827667 240.000000
32.000000 -18.828688 240.000000
64.000000 -18.826883 240.000000
96.000000 -18.824224 240.000000
128.000000 -14.976079 240.000000
160.000000 -3.270038 240.000000
192.000000 -1.872353 240.000000
224.000000 0.531624 240.000000
256.000000 -1.735457 240.000000
288.000000 0.640527 240.000000
320.000000 0.336520 240.000000
352.000000 -3.118490 240.000000
384.000000 -2.652872 240.000000
-384.000000 -10.269951 264.000000
-352.000000 -10.913976 264.000000
-320.000000 -5.510516 264.000000
-288.000000 -8.095724 264.000000
-256.000000 -10.893943 264.000000
-224.000000 -13.754440 264.000000
-192.000000 -8.637494 264.000000
-160.000000 -7.922789 264.000000
-128.000000 -13.629746 264.000000
-96.000000 -13.835473 264.000000
-64.000000 -18.825920 264.000000
-32.000000 -18.828705 264.000000
0.000000 -18.832884 264.000000
32.000000 -18.833229 264.000000
64.000000 -18.827034 264.000000
96.000000 -18.769018 264.000000
128.000000 -10.797022 264.000000
160.000000 -3.426718 264.000000
192.000000 -3.485327 264.000000
224.000000 1.929032 264.000000
256.000000 -1.922658 264.000000
288.000000 -3.278447 264.000000
320.000000 -0.764495 264.000000
352.000000 -3.421264 264.000000
384.000000 -3.532298 264.000000
-384.000000 -11.108773 288.000000
-352.000000 -10.771526 288.000000
-320.000000 -9.853936 288.000000
-288.000000 -11.135855 288.000000
-256.000000 -12.450850 288.000000
-224.000000 -13.718448 288.000000
-192.000000 -7.418507 288.000000
-160.000000 -12.963138 288.000000
-128.000000 -14.555871 288.000000
-96.000000 -18.831020 288.000000
-64.000000 -18.833569 288.000000
-32.000000 -18.835768 288.000000
0.000000 -18.836689 288.000000
32.000000 -18.827187 288.000000
64.000000 -18.825342 288.000000
96.000000 -13.372795 288.000000
128.000000 -6.285699 288.000000
160.000000 -3.109560 288.000000
192.000000 4.681616 288.000000
224.000000 3.413981 288.000000
256.000000 2.425930 288.000000
288.000000 -1.276385 288.000000
320.000000 -0.945138 288.000000
352.000000 -4.032961 288.000000
384.000000 -3.556020 288.000000